47;1;4;1;91702379;30000.000000000004
50;0;4;0;91702379;30000.000000000004
51;4;0;2;91702379;30000.000000000004
22;2;1;1;91702379;30000.000000000004
40;2;4;0;91702379;30000.000000000004
52;1;4;1;91702379;30000.000000000004
48;2;3;0;91702379;30000.000000000004
43;1;3;2;91702379;30000.000000000004
45;2;1;2;91702379;30000.000000000004
156;1;3;0;71185142;30000.000000000004
153;1;2;2;71185142;30000.000000000004
150;2;1;0;71185142;30000.000000000004
140;2;3;1;71185142;30000.000000000004
155;3;3;0;71185142;30000.000000000004
151;1;2;2;71185142;30000.000000000004
154;1;5;0;71185142;30000.000000000004
152;1;5;1;71185142;30000.000000000004
157;3;2;0;71185142;30000.000000000004
42;2;1;3;16032994;29999.999999999993
37;2;1;3;16032994;29999.999999999993
33;5;1;0;16032994;29999.999999999993
25;2;1;3;16032994;29999.999999999993
44;1;2;2;16032994;29999.999999999993
21;2;1;0;16032994;29999.999999999993
46;0;2;2;16032994;29999.999999999993
29;5;1;0;16032994;29999.999999999993
31;1;2;2;16032994;29999.999999999993
35;2;1;3;95454014;29999.999999999996
30;2;3;1;95454014;29999.999999999996
26;1;1;2;95454014;29999.999999999996
20;1;0;5;95454014;29999.999999999996
34;2;1;0;95454014;29999.999999999996
28;3;2;1;95454014;29999.999999999996
36;2;1;3;95454014;29999.999999999996
27;3;1;2;95454014;29999.999999999996
32;1;4;1;95454014;29999.999999999996
41;1;2;0;64684678;30000.000000000004
116;1;2;2;61710133;30000.0
113;3;2;1;61710133;30000.0
43;4;1;0;64684678;30000.000000000004
42;1;5;0;64684678;30000.000000000004
106;2;0;3;61710133;30000.0
45;0;3;3;64684678;30000.000000000004
40;2;2;3;64684678;30000.000000000004
44;0;1;3;64684678;30000.000000000004
36;4;2;1;64684678;30000.000000000004
34;3;3;1;64684678;30000.000000000004
19;1;1;1;64684678;30000.000000000004
114;2;1;2;61710133;30000.0
110;1;0;3;61710133;30000.0
118;2;1;2;61710133;30000.0
115;1;2;3;61710133;30000.0
112;2;3;1;61710133;30000.0
117;4;3;1;61710133;30000.0
58;2;0;0;55638952;30000.0
61;4;2;0;55638952;30000.0
59;1;1;1;55638952;30000.0
60;4;1;1;55638952;30000.0
62;3;1;0;55638952;30000.0
63;2;4;0;55638952;30000.0
57;1;4;0;55638952;30000.0
64;1;2;1;55638952;30000.0
55;3;3;0;55638952;30000.0
50;2;2;0;7256560;30000.0
52;2;2;0;7256560;30000.0
17;2;2;0;7256560;30000.0
54;2;3;0;7256560;30000.0
49;1;5;1;7256560;30000.0
53;1;2;1;7256560;30000.0
51;1;4;1;7256560;30000.0
48;1;6;0;7256560;30000.0
47;2;4;0;7256560;30000.0
96;1;1;1;67846973;30000.000000000004
97;1;0;1;67846973;30000.000000000004
98;3;0;1;67846973;30000.000000000004
94;3;1;0;67846973;30000.000000000004
95;1;4;0;67846973;30000.000000000004
93;4;3;0;67846973;30000.000000000004
99;4;0;2;67846973;30000.000000000004
92;3;0;2;67846973;30000.000000000004
74;4;1;2;67846973;30000.000000000004
20;1;1;1;80858771;29999.999999999996
31;1;1;3;80858771;29999.999999999996
25;4;0;0;80858771;29999.999999999996
30;2;3;1;80858771;29999.999999999996
32;2;1;2;80858771;29999.999999999996
29;2;3;1;80858771;29999.999999999996
28;3;2;2;80858771;29999.999999999996
26;1;4;2;80858771;29999.999999999996
27;2;1;3;80858771;29999.999999999996
156;2;4;0;87798096;29999.999999999996
146;2;2;0;87798096;29999.999999999996
154;0;2;0;87798096;29999.999999999996
148;2;2;0;87798096;29999.999999999996
151;1;3;0;87798096;29999.999999999996
155;2;2;0;87798096;29999.999999999996
143;4;1;1;87798096;29999.999999999996
153;4;0;1;87798096;29999.999999999996
136;5;0;1;87798096;29999.999999999996
65;1;2;0;6084857;29999.999999999993
62;3;3;0;6084857;29999.999999999993
59;2;3;0;6084857;29999.999999999993
39;1;1;0;6084857;29999.999999999993
58;2;2;0;6084857;29999.999999999993
63;1;1;0;6084857;29999.999999999993
64;1;3;0;6084857;29999.999999999993
61;5;1;0;6084857;29999.999999999993
60;3;4;0;6084857;29999.999999999993
139;3;2;0;31113955;30000.00000000001
137;3;0;0;31113955;30000.00000000001
146;2;3;0;31113955;30000.00000000001
145;4;2;0;31113955;30000.00000000001
124;1;1;0;31113955;30000.00000000001
141;0;2;1;31113955;30000.00000000001
136;1;1;1;31113955;30000.00000000001
144;3;3;2;31113955;30000.00000000001
143;3;2;2;31113955;30000.00000000001
76;1;3;2;61881931;29999.999999999996
84;3;0;2;61881931;29999.999999999996
107;2;3;1;61881931;29999.999999999996
86;2;0;2;61881931;29999.999999999996
94;3;3;1;61881931;29999.999999999996
100;0;3;1;61881931;29999.999999999996
91;1;2;1;61881931;29999.999999999996
102;2;4;1;61881931;29999.999999999996
96;2;2;1;61881931;29999.999999999996
70;3;1;0;21767407;30000.000000000004
68;3;4;0;21767407;30000.000000000004
84;1;2;1;21767407;30000.000000000004
81;1;1;4;21767407;30000.000000000004
51;2;1;4;21767407;30000.000000000004
59;2;2;3;21767407;30000.000000000004
63;1;0;4;21767407;30000.000000000004
78;1;3;3;21767407;30000.000000000004
73;0;4;2;21767407;30000.000000000004
126;1;1;0;35034123;29999.999999999996
125;1;2;0;35034123;29999.999999999996
117;2;1;0;35034123;29999.999999999996
128;1;1;2;35034123;29999.999999999996
123;3;2;3;35034123;29999.999999999996
129;0;3;5;35034123;29999.999999999996
124;2;3;2;35034123;29999.999999999996
121;3;2;6;35034123;29999.999999999996
127;0;3;6;35034123;29999.999999999996
31;2;2;2;47101898;30000.000000000007
41;1;0;2;47101898;30000.000000000007
12;1;2;2;47101898;30000.000000000007
18;3;0;1;47101898;30000.000000000007
21;1;4;3;47101898;30000.000000000007
24;2;3;1;47101898;30000.000000000007
32;1;4;2;47101898;30000.000000000007
15;1;3;4;47101898;30000.000000000007
45;0;4;4;47101898;30000.000000000007
141;1;3;1;21185683;30000.000000000007
148;2;3;1;21185683;30000.000000000007
139;1;4;1;21185683;30000.000000000007
142;2;2;0;21185683;30000.000000000007
144;1;1;0;21185683;30000.000000000007
147;2;3;2;21185683;30000.000000000007
133;1;4;1;21185683;30000.000000000007
145;1;4;1;21185683;30000.000000000007
146;2;4;2;21185683;30000.000000000007
129;2;3;1;90975759;29999.999999999993
147;2;1;1;90975759;29999.999999999993
149;1;1;1;90975759;29999.999999999993
124;1;1;1;90975759;29999.999999999993
142;2;1;1;90975759;29999.999999999993
131;2;1;3;90975759;29999.999999999993
145;2;2;3;90975759;29999.999999999993
138;4;2;1;90975759;29999.999999999993
141;0;4;3;90975759;29999.999999999993
104;0;1;1;49365000;30000.000000000004
98;2;3;0;49365000;30000.000000000004
117;2;1;3;49365000;30000.000000000004
114;3;0;2;49365000;30000.000000000004
101;4;0;2;49365000;30000.000000000004
111;4;2;0;49365000;30000.000000000004
109;2;0;1;49365000;30000.000000000004
88;1;3;1;49365000;30000.000000000004
120;1;4;2;49365000;30000.000000000004
88;4;0;0;10891124;29999.999999999996
93;1;1;2;10891124;29999.999999999996
77;4;1;2;10891124;29999.999999999996
91;0;2;4;10891124;29999.999999999996
67;1;1;0;10891124;29999.999999999996
83;3;2;2;10891124;29999.999999999996
86;1;3;2;10891124;29999.999999999996
80;1;3;2;10891124;29999.999999999996
95;1;3;4;10891124;29999.999999999996
36;2;1;0;50823165;30000.000000000007
29;2;2;3;57119540;30000.000000000004
39;2;1;3;50823165;30000.000000000007
69;3;4;0;57119540;30000.000000000004
46;2;4;0;50823165;30000.000000000007
44;1;4;1;50823165;30000.000000000007
25;1;4;1;50823165;30000.000000000007
42;4;1;1;50823165;30000.000000000007
77;2;2;3;57119540;30000.000000000004
57;2;1;1;57119540;30000.000000000004
53;3;3;0;57119540;30000.000000000004
38;1;2;4;50823165;30000.000000000007
73;1;3;3;57119540;30000.000000000004
65;2;1;1;57119540;30000.000000000004
40;1;1;4;50823165;30000.000000000007
41;2;2;1;57119540;30000.000000000004
43;1;0;1;50823165;30000.000000000007
61;0;2;0;57119540;30000.000000000004
135;1;1;1;53468735;29999.999999999993
133;2;0;1;53468735;29999.999999999993
131;2;3;1;53468735;29999.999999999993
125;2;1;0;53468735;29999.999999999993
129;4;0;1;53468735;29999.999999999993
127;3;2;1;53468735;29999.999999999993
122;2;2;1;53468735;29999.999999999993
118;1;2;2;53468735;29999.999999999993
123;4;1;1;53468735;29999.999999999993
33;3;0;0;83989743;30000.000000000004
63;0;1;1;83989743;30000.000000000004
47;2;3;1;83989743;30000.000000000004
55;0;2;1;83989743;30000.000000000004
59;2;2;1;83989743;30000.000000000004
75;4;0;1;83989743;30000.000000000004
71;2;3;4;83989743;30000.000000000004
67;1;2;5;83989743;30000.000000000004
50;2;3;4;83989743;30000.000000000004
126;0;1;0;59382395;30000.000000000007
124;4;1;0;59382395;30000.000000000007
128;3;1;0;59382395;30000.000000000007
136;3;3;1;59382395;30000.000000000007
117;4;1;1;59382395;30000.000000000007
132;1;3;1;59382395;30000.000000000007
137;5;1;1;59382395;30000.000000000007
130;1;0;1;59382395;30000.000000000007
134;1;1;1;59382395;30000.000000000007
107;4;0;0;78817258;30000.000000000007
110;0;3;0;78817258;30000.000000000007
104;1;3;2;78817258;30000.000000000007
106;3;1;2;78817258;30000.000000000007
109;4;0;0;78817258;30000.000000000007
111;1;3;2;78817258;30000.000000000007
105;2;2;0;78817258;30000.000000000007
108;5;1;0;78817258;30000.000000000007
100;3;1;0;78817258;30000.000000000007
41;0;3;1;46557216;29999.999999999996
33;1;2;2;46557216;29999.999999999996
17;2;1;2;46557216;29999.999999999996
32;2;3;1;46557216;29999.999999999996
43;2;4;1;46557216;29999.999999999996
35;3;0;1;46557216;29999.999999999996
40;1;4;2;46557216;29999.999999999996
38;1;4;2;46557216;29999.999999999996
37;1;3;3;46557216;29999.999999999996
81;2;2;0;72267775;30000.0
91;1;2;0;72267775;30000.0
87;2;2;1;72267775;30000.0
89;1;6;1;72267775;30000.0
77;3;1;1;72267775;30000.0
63;2;3;1;72267775;30000.0
93;3;1;1;72267775;30000.0
85;1;1;2;72267775;30000.0
95;2;2;2;72267775;30000.0
68;0;2;2;77739301;29999.999999999996
69;2;1;0;77739301;29999.999999999996
62;1;2;1;77739301;29999.999999999996
76;1;3;0;77739301;29999.999999999996
70;3;3;1;77739301;29999.999999999996
73;2;5;0;77739301;29999.999999999996
75;1;3;1;77739301;29999.999999999996
78;0;3;3;77739301;29999.999999999996
72;4;2;1;77739301;29999.999999999996
90;2;1;1;14233260;30000.000000000004
83;4;1;1;14233260;30000.000000000004
96;0;2;2;14233260;30000.000000000004
66;2;2;2;14233260;30000.000000000004
88;1;4;1;14233260;30000.000000000004
79;3;1;1;14233260;30000.000000000004
86;1;1;1;14233260;30000.000000000004
94;1;4;2;14233260;30000.000000000004
92;3;4;1;14233260;30000.000000000004
47;1;4;1;24132339;30000.000000000007
50;2;3;1;24132339;30000.000000000007
39;2;3;1;24132339;30000.000000000007
44;2;4;0;24132339;30000.000000000007
48;1;1;1;24132339;30000.000000000007
49;1;2;0;24132339;30000.000000000007
42;4;1;1;24132339;30000.000000000007
23;3;1;2;24132339;30000.000000000007
45;1;3;2;24132339;30000.000000000007
145;2;2;0;53503131;29999.999999999996
142;1;1;0;53503131;29999.999999999996
148;3;2;0;53503131;29999.999999999996
143;0;2;0;53503131;29999.999999999996
144;3;3;0;53503131;29999.999999999996
134;6;0;0;53503131;29999.999999999996
141;3;0;0;53503131;29999.999999999996
146;1;2;0;53503131;29999.999999999996
147;4;0;0;53503131;29999.999999999996
41;4;1;0;13264396;30000.0
49;3;0;3;13264396;30000.0
46;5;1;0;13264396;30000.0
57;3;1;0;81164048;30000.000000000004
54;0;3;0;81164048;30000.000000000004
17;2;1;1;13264396;30000.0
47;3;1;2;13264396;30000.0
45;1;2;2;13264396;30000.0
50;1;1;0;13264396;30000.0
48;1;2;0;13264396;30000.0
44;2;3;1;13264396;30000.0
28;2;3;0;81164048;30000.000000000004
56;5;1;0;81164048;30000.000000000004
55;2;4;0;81164048;30000.000000000004
58;3;3;0;81164048;30000.000000000004
59;3;3;0;81164048;30000.000000000004
53;0;2;0;81164048;30000.000000000004
52;0;4;0;81164048;30000.000000000004
72;3;2;0;48566668;30000.0
76;2;1;3;48566668;30000.0
80;1;2;3;48566668;30000.0
82;2;2;1;48566668;30000.0
73;0;3;2;48566668;30000.0
70;0;3;0;48566668;30000.0
75;1;3;3;48566668;30000.0
78;2;2;3;48566668;30000.0
81;2;2;3;48566668;30000.0
40;1;4;0;21593189;30000.0
22;1;1;0;21593189;30000.0
27;3;2;0;21593189;30000.0
32;1;1;0;21593189;30000.0
36;5;1;0;21593189;30000.0
25;3;3;0;21593189;30000.0
34;2;2;4;21593189;30000.0
30;0;2;4;21593189;30000.0
38;0;4;4;21593189;30000.0
103;1;3;1;13573280;30000.0
97;4;0;0;13573280;30000.0
90;1;3;2;13573280;30000.0
39;2;1;0;45567723;30000.0
35;3;2;0;45567723;30000.0
20;1;2;0;45567723;30000.0
37;3;1;0;45567723;30000.0
33;2;0;0;45567723;30000.0
31;1;2;0;45567723;30000.0
24;4;1;1;45567723;30000.0
26;3;3;1;45567723;30000.0
29;2;4;1;45567723;30000.0
101;2;3;0;13573280;30000.0
93;1;1;0;13573280;30000.0
105;2;3;1;13573280;30000.0
107;2;3;2;13573280;30000.0
99;1;3;2;13573280;30000.0
95;1;3;1;13573280;30000.0
139;3;1;1;86345102;29999.999999999993
132;2;2;0;86345102;29999.999999999993
138;2;2;0;86345102;29999.999999999993
134;1;5;0;86345102;29999.999999999993
137;3;2;0;86345102;29999.999999999993
133;2;4;0;86345102;29999.999999999993
135;3;0;4;86345102;29999.999999999993
136;1;3;3;86345102;29999.999999999993
130;0;1;4;86345102;29999.999999999993
118;2;2;0;92195521;29999.999999999996
123;2;0;0;92195521;29999.999999999996
122;3;2;0;92195521;29999.999999999996
115;1;3;0;92195521;29999.999999999996
117;0;4;3;92195521;29999.999999999996
121;3;3;0;92195521;29999.999999999996
119;1;2;3;92195521;29999.999999999996
120;2;4;0;92195521;29999.999999999996
124;0;4;3;92195521;29999.999999999996
146;2;2;0;18902686;30000.000000000004
142;2;2;1;18902686;30000.000000000004
143;2;2;0;18902686;30000.000000000004
141;4;2;0;18902686;30000.000000000004
145;2;1;1;18902686;30000.000000000004
147;1;1;1;18902686;30000.000000000004
148;2;1;2;18902686;30000.000000000004
149;3;1;2;18902686;30000.000000000004
131;2;2;2;18902686;30000.000000000004
134;3;1;0;44792775;30000.000000000004
131;4;2;0;44792775;30000.000000000004
126;3;1;2;44792775;30000.000000000004
130;4;1;0;44792775;30000.000000000004
125;1;2;0;44792775;30000.000000000004
133;2;1;2;44792775;30000.000000000004
129;1;1;0;44792775;30000.000000000004
132;2;1;2;44792775;30000.000000000004
112;2;3;0;44792775;30000.000000000004
151;1;1;0;17199001;30000.00000000001
156;3;3;0;17199001;30000.00000000001
152;2;0;0;17199001;30000.00000000001
143;3;1;0;17199001;30000.00000000001
153;1;1;3;17199001;30000.00000000001
155;3;2;1;17199001;30000.00000000001
139;1;4;2;17199001;30000.00000000001
154;3;2;1;17199001;30000.00000000001
157;1;4;2;17199001;30000.00000000001
39;2;3;0;3073141;29999.999999999993
40;1;0;0;3073141;29999.999999999993
42;4;0;0;3073141;29999.999999999993
41;2;0;0;3073141;29999.999999999993
45;4;3;2;3073141;29999.999999999993
44;1;1;2;3073141;29999.999999999993
43;3;3;0;3073141;29999.999999999993
46;1;5;2;3073141;29999.999999999993
23;2;1;0;3073141;29999.999999999993
53;1;0;0;57033550;30000.0
61;0;3;2;57033550;30000.0
24;1;1;2;57033550;30000.0
60;2;2;2;57033550;30000.0
57;3;1;0;57033550;30000.0
51;4;3;0;57033550;30000.0
48;4;3;0;57033550;30000.0
59;1;3;0;57033550;30000.0
55;2;2;0;57033550;30000.0
79;3;3;0;93520386;29999.999999999996
74;2;2;0;93520386;29999.999999999996
75;1;1;0;93520386;29999.999999999996
78;0;3;0;93520386;29999.999999999996
76;2;2;0;93520386;29999.999999999996
80;5;0;0;93520386;29999.999999999996
72;3;1;1;93520386;29999.999999999996
77;3;1;1;93520386;29999.999999999996
67;4;1;1;93520386;29999.999999999996
148;2;1;2;96251621;29999.999999999993
147;2;2;2;96251621;29999.999999999993
145;2;3;0;96251621;29999.999999999993
141;4;1;2;96251621;29999.999999999993
142;2;0;1;96251621;29999.999999999993
138;0;2;2;96251621;29999.999999999993
140;4;2;0;96251621;29999.999999999993
146;3;1;1;96251621;29999.999999999993
144;0;2;2;96251621;29999.999999999993
102;3;2;1;54074523;30000.0
107;2;1;1;54074523;30000.0
105;1;5;2;54074523;30000.0
103;1;3;1;54074523;30000.0
109;1;4;1;54074523;30000.0
100;1;1;2;54074523;30000.0
104;2;3;2;54074523;30000.0
108;1;2;2;54074523;30000.0
106;2;1;3;54074523;30000.0
67;1;1;3;58661354;30000.000000000004
44;2;2;1;58661354;30000.000000000004
72;0;2;1;58661354;30000.000000000004
78;0;3;1;58661354;30000.000000000004
52;2;2;3;58661354;30000.000000000004
70;3;1;1;58661354;30000.000000000004
60;3;1;3;58661354;30000.000000000004
62;2;3;1;58661354;30000.000000000004
54;3;3;1;58661354;30000.000000000004
147;0;1;1;56410784;30000.000000000004
142;4;1;1;56410784;30000.000000000004
136;4;0;2;56410784;30000.000000000004
41;3;2;0;36573180;30000.000000000007
48;2;2;0;36573180;30000.000000000007
43;1;1;0;36573180;30000.000000000007
53;3;3;0;36573180;30000.000000000007
55;2;2;0;36573180;30000.000000000007
51;1;1;0;36573180;30000.000000000007
63;4;0;3;36573180;30000.000000000007
59;3;1;3;36573180;30000.000000000007
64;3;0;3;36573180;30000.000000000007
140;0;3;3;56410784;30000.000000000004
132;2;2;1;56410784;30000.000000000004
138;1;4;1;56410784;30000.000000000004
143;0;3;3;56410784;30000.000000000004
144;2;4;0;56410784;30000.000000000004
128;3;2;0;56410784;30000.000000000004
35;1;1;0;81176707;29999.999999999996
29;3;3;0;81176707;29999.999999999996
32;1;1;0;81176707;29999.999999999996
34;1;1;0;81176707;29999.999999999996
28;3;3;0;81176707;29999.999999999996
33;3;1;0;81176707;29999.999999999996
15;4;0;0;81176707;29999.999999999996
30;5;1;0;81176707;29999.999999999996
31;3;1;0;81176707;29999.999999999996
86;1;1;0;55072047;29999.999999999993
105;2;2;0;55072047;29999.999999999993
84;3;1;0;55072047;29999.999999999993
90;0;2;1;55072047;29999.999999999993
107;3;4;0;55072047;29999.999999999993
100;1;5;0;55072047;29999.999999999993
93;1;3;3;55072047;29999.999999999993
75;3;2;3;55072047;29999.999999999993
80;3;0;2;55072047;29999.999999999993
91;3;1;0;15103786;30000.0
85;3;1;0;15103786;30000.0
94;2;2;0;15103786;30000.0
92;1;3;0;15103786;30000.0
97;1;4;0;15103786;30000.0
95;2;4;0;15103786;30000.0
89;1;2;2;15103786;30000.0
98;3;2;2;15103786;30000.0
96;1;3;2;15103786;30000.0
129;0;5;1;79847775;29999.999999999993
126;2;2;2;79847775;29999.999999999993
123;2;2;2;79847775;29999.999999999993
122;2;3;1;79847775;29999.999999999993
127;1;4;1;79847775;29999.999999999993
124;2;0;3;79847775;29999.999999999993
125;2;3;1;79847775;29999.999999999993
128;1;2;3;79847775;29999.999999999993
119;0;5;1;79847775;29999.999999999993
105;1;3;2;77519743;29999.999999999993
101;2;3;1;77519743;29999.999999999993
108;2;1;2;77519743;29999.999999999993
107;2;2;1;77519743;29999.999999999993
110;2;2;2;77519743;29999.999999999993
103;1;3;2;77519743;29999.999999999993
112;3;1;2;77519743;29999.999999999993
104;2;0;1;77519743;29999.999999999993
96;1;3;2;77519743;29999.999999999993
144;2;3;1;60074311;29999.99999999999
145;3;3;0;60074311;29999.99999999999
143;1;3;1;60074311;29999.99999999999
146;3;3;0;60074311;29999.99999999999
141;1;0;2;60074311;29999.99999999999
148;2;1;1;60074311;29999.99999999999
147;1;2;0;60074311;29999.99999999999
137;3;1;2;60074311;29999.99999999999
142;2;2;2;60074311;29999.99999999999
50;2;3;0;95665828;30000.000000000007
57;1;3;2;95665828;30000.000000000007
55;2;2;0;95665828;30000.000000000007
65;2;4;0;95665828;30000.000000000007
27;1;2;2;95665828;30000.000000000007
52;2;2;2;95665828;30000.000000000007
60;3;3;0;95665828;30000.000000000007
62;1;3;0;95665828;30000.000000000007
64;0;6;0;95665828;30000.000000000007
46;1;2;1;66284605;30000.0
34;3;3;0;66284605;30000.0
45;1;2;1;66284605;30000.0
42;2;4;0;66284605;30000.0
25;0;2;3;66284605;30000.0
38;0;2;0;66284605;30000.0
32;2;2;3;66284605;30000.0
36;5;1;1;66284605;30000.0
40;2;2;3;66284605;30000.0
136;3;3;0;98658828;30000.000000000004
132;1;4;0;98658828;30000.000000000004
133;2;2;0;98658828;30000.000000000004
139;2;2;0;98658828;30000.000000000004
131;1;3;0;98658828;30000.000000000004
138;4;2;0;98658828;30000.000000000004
134;1;2;0;98658828;30000.000000000004
135;3;1;0;98658828;30000.000000000004
121;3;3;0;98658828;30000.000000000004
76;2;2;2;62125323;29999.99999999999
98;1;2;3;62125323;29999.99999999999
92;4;2;0;62125323;29999.99999999999
95;1;2;3;62125323;29999.99999999999
93;1;2;3;62125323;29999.99999999999
94;2;2;2;62125323;29999.99999999999
88;2;3;1;62125323;29999.99999999999
97;1;0;3;62125323;29999.99999999999
96;1;3;1;62125323;29999.99999999999
110;3;2;1;96310214;29999.999999999996
124;1;2;3;96310214;29999.999999999996
135;2;3;1;96310214;29999.999999999996
130;2;3;1;96310214;29999.999999999996
139;2;3;1;96310214;29999.999999999996
137;2;3;1;96310214;29999.999999999996
119;2;2;2;96310214;29999.999999999996
127;1;1;2;96310214;29999.999999999996
120;0;3;3;96310214;29999.999999999996
138;2;2;2;99648767;29999.999999999985
146;3;1;2;99648767;29999.999999999985
143;0;3;2;99648767;29999.999999999985
141;1;1;3;99648767;29999.999999999985
136;1;3;2;99648767;29999.999999999985
133;2;1;3;99648767;29999.999999999985
148;2;4;0;99648767;29999.999999999985
132;0;4;2;99648767;29999.999999999985
122;3;1;2;99648767;29999.999999999985
37;2;2;2;28257510;29999.999999999993
43;2;3;1;28257510;29999.999999999993
33;1;4;1;28257510;29999.999999999993
39;0;4;2;28257510;29999.999999999993
29;1;2;2;28257510;29999.999999999993
41;3;1;2;28257510;29999.999999999993
24;1;2;2;28257510;29999.999999999993
31;2;2;2;28257510;29999.999999999993
35;1;4;1;28257510;29999.999999999993
106;0;2;4;17746207;29999.999999999993
105;2;2;2;17746207;29999.999999999993
109;2;1;3;17746207;29999.999999999993
103;1;5;0;17746207;29999.999999999993
107;1;2;3;17746207;29999.999999999993
110;1;4;1;17746207;29999.999999999993
108;4;2;0;17746207;29999.999999999993
100;1;0;5;17746207;29999.999999999993
104;1;2;3;17746207;29999.999999999993
71;2;3;1;19667491;29999.999999999996
69;2;4;0;19667491;29999.999999999996
63;1;3;2;19667491;29999.999999999996
56;2;4;0;19667491;29999.999999999996
65;1;1;2;19667491;29999.999999999996
68;1;4;1;19667491;29999.999999999996
62;2;1;2;19667491;29999.999999999996
72;1;3;2;19667491;29999.999999999996
70;1;3;2;19667491;29999.999999999996
57;3;2;1;66781024;29999.999999999996
55;1;3;2;66781024;29999.999999999996
61;4;1;1;66781024;29999.999999999996
63;0;4;2;66781024;29999.999999999996
59;2;3;1;66781024;29999.999999999996
21;0;4;1;66781024;29999.999999999996
51;0;5;1;66781024;29999.999999999996
49;1;3;1;66781024;29999.999999999996
53;1;3;2;66781024;29999.999999999996
135;1;3;1;20193020;30000.000000000004
136;2;4;0;20193020;30000.000000000004
133;1;3;1;20193020;30000.000000000004
132;3;1;1;20193020;30000.000000000004
140;1;4;1;20193020;30000.000000000004
139;2;4;0;20193020;30000.000000000004
130;2;2;1;20193020;30000.000000000004
138;0;5;1;20193020;30000.000000000004
122;0;6;0;20193020;30000.000000000004
125;2;4;0;55127101;30000.000000000007
137;4;1;0;55127101;30000.000000000007
144;2;1;0;55127101;30000.000000000007
148;2;4;0;55127101;30000.000000000007
142;0;5;0;55127101;30000.000000000007
145;4;0;0;55127101;30000.000000000007
146;2;1;1;55127101;30000.000000000007
147;4;0;1;55127101;30000.000000000007
141;1;4;1;55127101;30000.000000000007
85;0;2;2;95927740;29999.999999999996
86;1;4;1;95927740;29999.999999999996
81;1;3;2;95927740;29999.999999999996
80;5;0;1;95927740;29999.999999999996
75;2;2;2;95927740;29999.999999999996
82;1;2;3;95927740;29999.999999999996
78;0;6;0;95927740;29999.999999999996
83;2;1;3;95927740;29999.999999999996
84;1;4;1;95927740;29999.999999999996
100;0;0;1;84219314;30000.000000000004
94;6;0;0;84219314;30000.000000000004
96;1;0;1;84219314;30000.000000000004
93;1;2;1;84219314;30000.000000000004
99;3;3;0;84219314;30000.000000000004
97;4;0;1;84219314;30000.000000000004
95;5;0;1;84219314;30000.000000000004
90;3;2;0;84219314;30000.000000000004
98;1;3;1;84219314;30000.000000000004
57;2;1;3;60477868;29999.999999999993
69;2;0;2;60477868;29999.999999999993
59;2;4;0;60477868;29999.999999999993
36;1;1;3;60477868;29999.999999999993
63;1;1;0;60477868;29999.999999999993
27;2;2;3;60477868;29999.999999999993
65;0;3;2;60477868;29999.999999999993
61;3;4;0;60477868;29999.999999999993
67;3;2;2;60477868;29999.999999999993
108;1;2;1;50986949;30000.0
102;3;0;0;50986949;30000.0
105;2;3;1;50986949;30000.0
144;1;3;0;82587514;30000.000000000007
143;1;5;0;82587514;30000.000000000007
145;3;1;0;82587514;30000.000000000007
141;2;0;0;82587514;30000.000000000007
147;2;2;2;82587514;30000.000000000007
136;3;2;2;82587514;30000.000000000007
148;1;6;0;82587514;30000.000000000007
146;1;4;0;82587514;30000.000000000007
142;0;3;2;82587514;30000.000000000007
104;2;0;1;50986949;30000.0
103;1;2;1;50986949;30000.0
109;3;3;0;50986949;30000.0
107;3;2;0;50986949;30000.0
106;3;3;1;50986949;30000.0
100;1;3;1;50986949;30000.0
28;0;2;0;9818033;30000.000000000004
35;2;2;0;9818033;30000.000000000004
43;2;1;0;9818033;30000.000000000004
38;2;2;1;9818033;30000.000000000004
37;4;1;1;9818033;30000.000000000004
42;2;0;1;9818033;30000.000000000004
39;2;2;5;9818033;30000.000000000004
41;1;3;5;9818033;30000.000000000004
40;2;3;5;9818033;30000.000000000004
124;1;2;1;28647032;30000.000000000007
123;1;3;1;28647032;30000.000000000007
115;3;1;1;28647032;30000.000000000007
120;3;1;2;28647032;30000.000000000007
121;2;0;2;28647032;30000.000000000007
119;0;2;2;28647032;30000.000000000007
118;4;1;2;28647032;30000.000000000007
122;3;0;2;28647032;30000.000000000007
117;3;0;2;28647032;30000.000000000007
75;2;0;0;35697600;30000.000000000007
45;3;0;0;35697600;30000.000000000007
77;1;1;0;35697600;30000.000000000007
79;3;2;0;35697600;30000.000000000007
80;1;0;0;35697600;30000.000000000007
76;4;0;0;35697600;30000.000000000007
73;6;0;1;35697600;30000.000000000007
78;5;1;1;35697600;30000.000000000007
74;1;2;1;35697600;30000.000000000007
89;2;3;0;82334564;30000.0
92;2;4;0;82334564;30000.0
94;1;2;0;82334564;30000.0
95;2;4;0;82334564;30000.0
91;1;3;0;82334564;30000.0
88;1;5;0;82334564;30000.0
93;2;4;0;82334564;30000.0
90;3;1;0;82334564;30000.0
81;2;0;0;82334564;30000.0
133;2;2;0;41783123;30000.0
134;2;1;0;41783123;30000.0
139;1;1;1;41783123;30000.0
135;0;2;1;41783123;30000.0
131;3;1;2;41783123;30000.0
137;6;0;1;41783123;30000.0
132;2;0;1;41783123;30000.0
130;0;3;2;41783123;30000.0
138;5;0;1;41783123;30000.0
39;2;2;1;86698987;29999.999999999996
46;2;2;1;86698987;29999.999999999996
44;3;2;1;86698987;29999.999999999996
36;1;3;3;86698987;29999.999999999996
28;1;3;3;86698987;29999.999999999996
51;0;4;3;86698987;29999.999999999996
48;1;2;1;86698987;29999.999999999996
54;4;1;1;86698987;29999.999999999996
32;1;1;1;86698987;29999.999999999996
27;2;0;0;61322070;30000.0
50;3;0;3;61322070;30000.0
41;2;3;1;61322070;30000.0
78;3;2;0;30682158;29999.999999999993
30;0;2;0;30682158;29999.999999999993
69;2;0;0;30682158;29999.999999999993
77;0;3;0;30682158;29999.999999999993
71;1;0;4;30682158;29999.999999999993
70;1;1;4;30682158;29999.999999999993
76;6;0;3;30682158;29999.999999999993
68;4;1;3;30682158;29999.999999999993
73;1;1;7;30682158;29999.999999999993
140;1;3;1;60896713;30000.000000000004
145;4;1;0;60896713;30000.000000000004
148;2;0;2;60896713;30000.000000000004
143;4;0;0;60896713;30000.000000000004
147;3;1;0;60896713;30000.000000000004
146;2;1;2;60896713;30000.000000000004
144;1;3;3;60896713;30000.000000000004
142;2;1;1;60896713;30000.000000000004
141;2;2;0;60896713;30000.000000000004
42;2;3;0;59672208;29999.999999999996
52;1;0;2;59672208;29999.999999999996
26;1;2;2;59672208;29999.999999999996
37;2;1;2;59672208;29999.999999999996
55;4;2;0;59672208;29999.999999999996
49;1;1;0;59672208;29999.999999999996
33;2;1;0;59672208;29999.999999999996
45;2;5;0;59672208;29999.999999999996
40;3;5;0;59672208;29999.999999999996
47;2;1;3;61322070;30000.0
34;1;1;3;61322070;30000.0
43;2;3;1;61322070;30000.0
56;1;4;1;61322070;30000.0
53;1;3;0;61322070;30000.0
25;3;2;0;45645560;30000.0
38;3;3;0;61322070;30000.0
62;2;0;2;45645560;30000.0
35;4;1;0;45645560;30000.0
65;1;0;2;45645560;30000.0
59;3;1;0;45645560;30000.0
31;3;1;2;45645560;30000.0
58;0;4;1;45645560;30000.0
60;1;5;1;45645560;30000.0
63;2;2;1;45645560;30000.0
108;2;1;3;86908547;29999.999999999996
107;3;2;1;86908547;29999.999999999996
103;3;1;2;86908547;29999.999999999996
109;3;2;1;86908547;29999.999999999996
104;1;2;3;86908547;29999.999999999996
110;1;6;0;86908547;29999.999999999996
98;1;1;1;86908547;29999.999999999996
105;1;3;0;86908547;29999.999999999996
106;0;4;1;86908547;29999.999999999996
86;2;0;0;45255325;29999.999999999996
99;4;2;0;45255325;29999.999999999996
92;1;0;3;45255325;29999.999999999996
91;2;1;2;45255325;29999.999999999996
93;2;1;1;45255325;29999.999999999996
95;3;4;0;45255325;29999.999999999996
96;3;2;0;45255325;29999.999999999996
89;1;2;2;45255325;29999.999999999996
94;2;2;1;45255325;29999.999999999996
126;3;1;0;10286322;30000.000000000015
121;3;0;0;10286322;30000.000000000015
123;2;0;0;10286322;30000.000000000015
129;4;1;0;10286322;30000.000000000015
128;3;1;0;10286322;30000.000000000015
122;1;1;0;10286322;30000.000000000015
125;2;4;1;10286322;30000.000000000015
116;2;4;1;10286322;30000.000000000015
119;3;0;1;10286322;30000.000000000015
51;3;1;0;35670272;29999.99999999999
63;2;3;1;35670272;29999.99999999999
40;1;3;2;35670272;29999.99999999999
38;3;1;1;92938109;30000.000000000004
53;0;3;1;92938109;30000.000000000004
32;0;3;1;92938109;30000.000000000004
45;2;1;3;92938109;30000.000000000004
57;3;0;1;92938109;30000.000000000004
61;2;2;4;92938109;30000.000000000004
41;0;2;4;92938109;30000.000000000004
49;2;4;0;92938109;30000.000000000004
65;4;4;0;92938109;30000.000000000004
59;1;1;0;35670272;29999.99999999999
31;5;0;1;35670272;29999.99999999999
55;1;3;2;35670272;29999.99999999999
43;1;3;0;35670272;29999.99999999999
67;1;5;1;35670272;29999.99999999999
46;1;3;2;35670272;29999.99999999999
131;1;2;3;93930610;29999.999999999993
135;2;0;2;93930610;29999.999999999993
132;2;3;1;93930610;29999.999999999993
137;1;3;0;93930610;29999.999999999993
136;0;3;0;93930610;29999.999999999993
133;1;2;3;93930610;29999.999999999993
138;3;3;1;93930610;29999.999999999993
134;4;0;1;93930610;29999.999999999993
122;2;4;1;93930610;29999.999999999993
90;2;2;0;89090933;30000.000000000007
95;1;2;0;89090933;30000.000000000007
73;2;0;0;89090933;30000.000000000007
91;3;4;2;89090933;30000.000000000007
88;0;1;3;89090933;30000.000000000007
92;3;4;2;89090933;30000.000000000007
87;1;2;2;89090933;30000.000000000007
94;0;2;3;89090933;30000.000000000007
89;3;1;3;89090933;30000.000000000007
35;0;2;2;26170979;30000.0
80;2;2;0;26170979;30000.0
81;2;3;1;26170979;30000.0
77;3;0;1;26170979;30000.0
85;0;2;2;26170979;30000.0
84;3;0;1;26170979;30000.0
79;4;1;1;26170979;30000.0
82;3;3;0;26170979;30000.0
83;2;3;1;26170979;30000.0
128;0;5;1;94498448;29999.999999999996
121;3;3;0;94498448;29999.999999999996
126;3;2;0;94498448;29999.999999999996
117;1;2;0;94498448;29999.999999999996
124;2;0;0;94498448;29999.999999999996
129;2;2;0;94498448;29999.999999999996
127;1;3;4;94498448;29999.999999999996
125;3;2;3;94498448;29999.999999999996
123;0;3;4;94498448;29999.999999999996
64;2;0;0;80987529;30000.00000000001
60;3;1;0;80987529;30000.00000000001
56;2;0;0;80987529;30000.00000000001
68;2;3;0;80987529;30000.00000000001
48;2;2;0;80987529;30000.00000000001
39;4;1;0;80987529;30000.00000000001
52;1;2;2;80987529;30000.00000000001
34;3;4;2;80987529;30000.00000000001
44;2;3;2;80987529;30000.00000000001
146;0;4;0;5012195;30000.0
144;4;0;0;5012195;30000.0
147;3;0;0;5012195;30000.0
140;3;0;0;5012195;30000.0
145;2;3;0;5012195;30000.0
148;0;2;0;5012195;30000.0
142;3;4;1;5012195;30000.0
143;1;2;1;5012195;30000.0
141;3;3;1;5012195;30000.0
217;3;1;2;46816615;30000.00000000001
220;1;4;1;46816615;30000.00000000001
223;1;2;2;46816615;30000.00000000001
222;4;0;2;46816615;30000.00000000001
215;1;2;2;46816615;30000.00000000001
218;2;3;1;46816615;30000.00000000001
219;2;2;1;46816615;30000.00000000001
221;0;2;2;46816615;30000.00000000001
216;1;4;2;46816615;30000.00000000001
78;4;1;0;24336456;30000.0
70;2;0;2;24336456;30000.0
86;1;2;0;24336456;30000.0
87;1;3;2;24336456;30000.0
91;2;2;2;24336456;30000.0
71;1;4;0;24336456;30000.0
93;3;2;2;24336456;30000.0
89;2;0;2;24336456;30000.0
42;1;4;2;24336456;30000.0
191;3;3;0;36696328;30000.0
182;2;1;0;36696328;30000.0
184;3;2;0;36696328;30000.0
195;1;1;0;36696328;30000.0
188;1;3;1;36696328;30000.0
187;3;1;0;36696328;30000.0
189;2;3;2;36696328;30000.0
197;0;4;2;36696328;30000.0
193;3;0;1;36696328;30000.0
190;1;3;2;96027209;30000.0
201;1;4;1;96027209;30000.0
180;4;1;0;96027209;30000.0
183;1;0;0;96027209;30000.0
196;2;2;0;96027209;30000.0
186;1;3;2;96027209;30000.0
194;1;2;3;96027209;30000.0
203;3;2;2;96027209;30000.0
199;2;3;2;96027209;30000.0
161;1;1;1;17594264;30000.000000000004
158;1;2;3;17594264;30000.000000000004
152;0;2;3;17594264;30000.000000000004
157;0;2;2;17594264;30000.000000000004
147;3;0;1;17594264;30000.000000000004
170;3;1;2;17594264;30000.000000000004
169;1;4;1;17594264;30000.000000000004
163;2;4;1;17594264;30000.000000000004
167;6;0;1;17594264;30000.000000000004
156;1;2;2;38125668;30000.000000000007
68;3;1;0;38125668;30000.000000000007
125;1;5;0;38125668;30000.000000000007
130;1;5;0;38125668;30000.000000000007
115;4;1;0;38125668;30000.000000000007
94;1;3;2;38125668;30000.000000000007
165;1;3;0;38125668;30000.000000000007
170;0;4;0;38125668;30000.000000000007
136;2;2;2;38125668;30000.000000000007
63;4;2;0;91793028;30000.0
69;1;2;2;91793028;30000.0
65;0;2;1;91793028;30000.0
67;1;2;1;91793028;30000.0
54;4;1;2;91793028;30000.0
60;1;5;1;91793028;30000.0
41;3;2;1;91793028;30000.0
59;2;1;2;91793028;30000.0
56;3;1;2;91793028;30000.0
205;1;0;3;84722000;30000.000000000007
208;1;1;2;84722000;30000.000000000007
211;4;0;2;84722000;30000.000000000007
12;2;2;0;11225639;30000.000000000004
9;2;0;0;11225639;30000.000000000004
15;3;3;0;11225639;30000.000000000004
101;2;3;1;68810028;30000.000000000004
118;4;0;1;68810028;30000.000000000004
104;1;4;1;68810028;30000.000000000004
123;4;0;0;68810028;30000.000000000004
111;1;2;0;68810028;30000.000000000004
127;2;3;1;68810028;30000.000000000004
131;1;2;0;68810028;30000.000000000004
107;4;0;1;68810028;30000.000000000004
137;2;2;1;68810028;30000.000000000004
10;3;1;0;11225639;30000.000000000004
8;2;2;0;11225639;30000.000000000004
7;1;2;0;11225639;30000.000000000004
11;3;3;0;11225639;30000.000000000004
14;2;4;0;11225639;30000.000000000004
13;1;5;0;11225639;30000.000000000004
71;2;1;0;71022619;30000.000000000004
82;2;2;1;71022619;30000.000000000004
75;1;4;1;71022619;30000.000000000004
212;3;1;2;84722000;30000.000000000007
213;1;2;2;84722000;30000.000000000007
209;1;1;3;84722000;30000.000000000007
210;2;1;4;84722000;30000.000000000007
207;2;4;1;84722000;30000.000000000007
206;1;4;2;84722000;30000.000000000007
139;1;1;0;84721490;30000.000000000004
145;6;0;0;84721490;30000.000000000004
128;4;1;0;84721490;30000.000000000004
148;2;1;0;84721490;30000.000000000004
134;1;1;0;84721490;30000.000000000004
146;0;4;0;84721490;30000.000000000004
136;4;0;0;84721490;30000.000000000004
144;1;5;0;84721490;30000.000000000004
142;4;1;0;84721490;30000.000000000004
100;3;0;0;27977238;29999.999999999996
151;1;2;1;27977238;29999.999999999996
142;2;3;0;27977238;29999.999999999996
159;1;1;4;27977238;29999.999999999996
72;3;3;0;27977238;29999.999999999996
168;2;3;2;27977238;29999.999999999996
119;3;3;0;27977238;29999.999999999996
172;2;2;3;27977238;29999.999999999996
147;1;1;2;27977238;29999.999999999996
72;1;2;1;71022619;30000.000000000004
73;1;4;1;71022619;30000.000000000004
70;4;1;0;71022619;30000.000000000004
78;2;4;1;71022619;30000.000000000004
76;1;4;1;71022619;30000.000000000004
86;2;2;0;71022619;30000.000000000004
213;1;1;2;52645572;30000.0
215;2;2;1;52645572;30000.0
196;2;0;2;52645572;30000.0
205;1;2;1;52645572;30000.0
211;4;0;2;52645572;30000.0
206;1;2;0;52645572;30000.0
212;2;3;2;52645572;30000.0
204;1;4;2;52645572;30000.0
201;3;0;3;52645572;30000.0
63;5;0;0;47284881;30000.0
56;2;4;0;47284881;30000.0
45;1;1;3;47284881;30000.0
222;4;0;0;29111175;30000.000000000007
223;0;2;1;29111175;30000.000000000007
218;1;0;1;29111175;30000.000000000007
216;4;1;1;29111175;30000.000000000007
215;1;3;0;29111175;30000.000000000007
220;3;1;1;29111175;30000.000000000007
219;2;3;2;29111175;30000.000000000007
221;2;1;2;29111175;30000.000000000007
217;3;3;1;29111175;30000.000000000007
43;2;3;1;48563132;30000.0
49;3;2;0;48563132;30000.0
42;0;4;1;48563132;30000.0
51;2;2;0;48563132;30000.0
41;2;2;2;48563132;30000.0
46;4;2;0;48563132;30000.0
44;2;2;1;48563132;30000.0
40;0;2;2;48563132;30000.0
33;2;1;2;48563132;30000.0
228;1;5;0;80658337;30000.0
222;3;1;1;80658337;30000.0
234;2;2;1;80658337;30000.0
153;1;2;2;66587197;29999.999999999996
230;1;4;1;80658337;30000.0
232;1;5;0;80658337;30000.0
220;2;3;1;80658337;30000.0
224;3;1;0;80658337;30000.0
88;1;3;2;66587197;29999.999999999996
209;1;2;1;80658337;30000.0
162;2;1;0;66587197;29999.999999999996
123;1;4;0;66587197;29999.999999999996
108;4;1;0;66587197;29999.999999999996
226;2;3;1;80658337;30000.0
132;2;2;2;66587197;29999.999999999996
73;3;1;2;66587197;29999.999999999996
166;1;2;2;66587197;29999.999999999996
128;3;0;2;66587197;29999.999999999996
114;3;0;0;16257157;30000.0
120;0;4;2;16257157;30000.0
123;3;2;1;16257157;30000.0
141;2;1;3;6401982;29999.99999999999
150;0;2;2;6401982;29999.99999999999
149;1;0;2;6401982;29999.99999999999
140;0;0;1;6401982;29999.99999999999
147;4;2;1;6401982;29999.99999999999
163;2;2;2;6401982;29999.99999999999
143;4;3;0;6401982;29999.99999999999
119;1;2;5;6401982;29999.99999999999
160;1;2;5;6401982;29999.99999999999
202;1;2;0;66624055;30000.000000000007
213;1;0;2;66624055;30000.000000000007
211;3;2;0;66624055;30000.000000000007
206;3;0;0;66624055;30000.000000000007
212;1;2;4;66624055;30000.000000000007
76;1;2;4;66624055;30000.000000000007
197;5;2;0;66624055;30000.000000000007
194;1;2;2;66624055;30000.000000000007
190;3;2;0;66624055;30000.000000000007
156;4;0;1;93220497;30000.000000000007
162;1;3;1;93220497;30000.000000000007
153;3;3;0;93220497;30000.000000000007
152;3;0;0;93220497;30000.000000000007
142;3;3;0;93220497;30000.000000000007
158;0;3;1;93220497;30000.000000000007
157;0;3;4;93220497;30000.000000000007
154;0;3;4;93220497;30000.000000000007
159;1;2;4;93220497;30000.000000000007
170;3;1;1;11881594;29999.999999999996
173;3;2;1;11881594;29999.999999999996
167;1;2;0;11881594;29999.999999999996
121;1;2;2;16257157;30000.0
112;2;2;2;16257157;30000.0
117;2;1;0;16257157;30000.0
116;5;0;0;16257157;30000.0
122;3;2;1;16257157;30000.0
104;1;1;1;16257157;30000.0
198;3;2;0;46477910;29999.999999999996
195;2;0;0;46477910;29999.999999999996
197;3;0;0;46477910;29999.999999999996
207;4;0;0;46477910;29999.999999999996
202;2;1;0;46477910;29999.999999999996
203;1;2;0;46477910;29999.999999999996
208;1;3;5;46477910;29999.999999999996
199;1;3;5;46477910;29999.999999999996
214;3;1;5;46477910;29999.999999999996
169;2;2;2;11881594;29999.999999999996
168;1;4;0;11881594;29999.999999999996
171;4;0;0;11881594;29999.999999999996
166;2;3;0;11881594;29999.999999999996
172;1;3;0;11881594;29999.999999999996
161;3;1;2;11881594;29999.999999999996
111;1;2;0;60305120;30000.000000000007
122;1;4;0;60305120;30000.000000000007
133;1;2;1;60305120;30000.000000000007
134;1;0;0;60305120;30000.000000000007
106;3;4;0;60305120;30000.000000000007
65;1;4;2;60305120;30000.000000000007
138;3;3;3;60305120;30000.000000000007
103;1;4;0;60305120;30000.000000000007
84;1;5;3;60305120;30000.000000000007
65;2;0;3;47284881;30000.0
34;2;1;0;47284881;30000.0
60;1;1;3;47284881;30000.0
57;1;1;0;47284881;30000.0
50;2;6;0;47284881;30000.0
54;0;8;0;47284881;30000.0
79;2;1;2;74094054;30000.000000000007
81;2;0;2;74094054;30000.000000000007
83;2;1;2;74094054;30000.000000000007
85;2;4;2;74094054;30000.000000000007
77;0;4;3;74094054;30000.000000000007
84;2;2;3;74094054;30000.000000000007
90;1;2;2;74094054;30000.000000000007
89;3;0;1;74094054;30000.000000000007
88;4;0;1;74094054;30000.000000000007
31;1;1;1;46757650;30000.000000000004
69;3;2;1;46757650;30000.000000000004
74;2;0;3;46757650;30000.000000000004
48;1;4;2;46757650;30000.000000000004
66;3;1;1;46757650;30000.000000000004
61;1;6;1;46757650;30000.000000000004
58;1;3;3;46757650;30000.000000000004
67;1;4;2;46757650;30000.000000000004
35;0;1;4;46757650;30000.000000000004
126;1;2;1;99912907;30000.00000000001
130;1;2;1;99912907;30000.00000000001
131;2;0;2;99912907;30000.00000000001
129;4;0;1;99912907;30000.00000000001
118;2;2;1;99912907;30000.00000000001
132;1;3;3;99912907;30000.00000000001
127;2;5;1;99912907;30000.00000000001
128;2;2;3;99912907;30000.00000000001
133;3;0;3;99912907;30000.00000000001
227;1;1;0;89146788;30000.000000000007
229;2;0;1;89146788;30000.000000000007
235;5;1;1;89146788;30000.000000000007
219;3;1;2;89146788;30000.000000000007
223;3;3;2;89146788;30000.000000000007
210;5;1;1;89146788;30000.000000000007
231;2;1;2;89146788;30000.000000000007
233;0;3;2;89146788;30000.000000000007
225;4;1;2;89146788;30000.000000000007
45;4;1;0;91424911;30000.00000000001
94;0;2;1;91424911;30000.00000000001
90;1;4;1;91424911;30000.00000000001
80;2;3;3;91424911;30000.00000000001
92;2;1;2;91424911;30000.00000000001
88;2;2;3;91424911;30000.00000000001
73;3;1;1;91424911;30000.00000000001
95;2;1;3;91424911;30000.00000000001
72;1;1;1;91424911;30000.00000000001
139;3;0;3;73770955;29999.999999999996
175;2;1;3;73770955;29999.999999999996
177;2;1;3;73770955;29999.999999999996
171;1;3;0;73770955;29999.999999999996
167;1;3;0;73770955;29999.999999999996
187;1;3;0;73770955;29999.999999999996
192;3;3;1;73770955;29999.999999999996
158;3;2;1;73770955;29999.999999999996
185;2;0;1;73770955;29999.999999999996
66;2;1;2;51778925;29999.999999999996
80;2;0;0;51778925;29999.999999999996
127;1;3;0;51778925;29999.999999999996
121;0;5;2;51778925;29999.999999999996
161;4;1;2;51778925;29999.999999999996
89;1;0;5;51778925;29999.999999999996
131;2;3;2;51778925;29999.999999999996
152;1;2;5;51778925;29999.999999999996
107;2;1;3;51778925;29999.999999999996
164;2;3;1;85636847;29999.999999999993
189;3;2;1;85636847;29999.999999999993
178;2;0;0;85636847;29999.999999999993
169;1;3;1;85636847;29999.999999999993
155;1;4;1;85636847;29999.999999999993
135;3;1;0;85636847;29999.999999999993
114;1;2;4;85636847;29999.999999999993
174;1;4;3;85636847;29999.999999999993
183;0;3;4;85636847;29999.999999999993
77;1;1;0;73293847;30000.000000000004
83;0;1;0;73293847;30000.000000000004
140;3;1;0;73293847;30000.000000000004
96;2;0;2;73293847;30000.000000000004
102;1;3;2;73293847;30000.000000000004
86;4;2;2;73293847;30000.000000000004
145;1;2;2;73293847;30000.000000000004
79;5;1;2;73293847;30000.000000000004
118;3;1;2;73293847;30000.000000000004
74;5;1;0;97714978;29999.999999999993
112;2;2;2;97714978;29999.999999999993
95;2;1;1;97714978;29999.999999999993
104;1;0;1;97714978;29999.999999999993
87;2;1;0;97714978;29999.999999999993
93;1;1;2;97714978;29999.999999999993
82;3;2;3;97714978;29999.999999999993
99;2;2;3;97714978;29999.999999999993
98;3;0;3;97714978;29999.999999999993
