7;0;5
5;0;14
6;0;5
8;0;14
8;0;10;10641.005038324482
6;0;9;10641.005038324482
7;0;10;10641.005038324482
5;0;11;10641.005038324482
84;0;12;11279.64691193471
87;0;7;11279.64691193471
86;0;13;11279.64691193471
81;0;8;11279.64691193471
23;1;8;11149.51909129862
20;0;8;11149.51909129862
24;1;10;11149.51909129862
13;1;10;11149.51909129862
1053;0;12;9719.021247264247
1039;0;12;9719.021247264247
1052;0;8;9719.021247264247
1051;0;8;9719.021247264247
1139;0;10;14702.67533681443
1144;0;10;14702.67533681443
1147;0;10;14702.67533681443
1145;0;10;14702.67533681443
352;0;12;8264.207861837356
347;0;12;8264.207861837356
348;0;8;8264.207861837356
793;0;11;12221.232136099436
57;0;6;9384.361682905095
787;0;9;12221.232136099436
354;0;8;8264.207861837356
789;0;11;12221.232136099436
55;0;13;9384.361682905095
50;0;7;9384.361682905095
585;0;8;8948.481489827318
58;0;14;9384.361682905095
584;1;8;8948.481489827318
837;0;10;9807.000342523816
835;0;10;9807.000342523816
586;1;11;8948.481489827318
839;0;11;9807.000342523816
840;0;9;9807.000342523816
575;0;11;8948.481489827318
791;0;9;12221.232136099436
772;0;14;10152.722649891892
774;0;6;10152.722649891892
766;0;6;10152.722649891892
451;0;7;7797.104139205971
453;0;7;7797.104139205971
454;0;13;7797.104139205971
446;0;13;7797.104139205971
386;0;12;9722.390636876346
381;0;8;9722.390636876346
68;0;11;11149.944582119775
67;0;11;11149.944582119775
69;0;9;11149.944582119775
65;0;9;11149.944582119775
387;0;10;9722.390636876346
773;0;14;10152.722649891892
320;0;5;10977.180737646118
314;0;15;10977.180737646118
777;0;13;9648.485273733206
321;0;12;10977.180737646118
779;0;13;9648.485273733206
778;0;7;9648.485273733206
179;1;7;11323.846607567115
322;0;8;10977.180737646118
186;0;9;11323.846607567115
780;0;7;9648.485273733206
718;0;5;11319.922460173211
190;1;9;11323.846607567115
730;0;5;11319.922460173211
731;3;12;11319.922460173211
185;1;11;11323.846607567115
306;1;8;10565.619484742114
729;3;12;11319.922460173211
309;0;11;10565.619484742114
307;1;7;10565.619484742114
302;1;10;10565.619484742114
1299;0;10;8843.18278913295
1298;0;8;8843.18278913295
1300;0;9;8843.18278913295
1292;0;11;8843.18278913295
650;1;6;10407.273084927772
647;1;9;10407.273084927772
652;1;6;10407.273084927772
651;3;9;10407.273084927772
500;0;10;11089.931630326962
491;0;8;11089.931630326962
497;0;10;11089.931630326962
495;0;12;11089.931630326962
937;0;6;11047.625362538032
927;0;14;11047.625362538032
934;0;6;11047.625362538032
936;0;14;11047.625362538032
638;0;8;10436.557523607284
640;0;8;10436.557523607284
634;0;11;10436.557523607284
639;1;11;10436.557523607284
1399;0;9;10489.340923504196
1397;0;11;10489.340923504196
1395;0;9;10489.340923504196
1398;0;11;10489.340923504196
388;0;10;9722.390636876346
129;0;8;10529.858462311564
127;1;7;10529.858462311564
704;0;9;9933.728418477833
693;0;9;9933.728418477833
705;0;11;9933.728418477833
696;0;11;9933.728418477833
120;0;12;10529.858462311564
128;1;11;10529.858462311564
534;0;10;10110.692533724567
537;0;10;10110.692533724567
1003;2;8;11798.039703805782
999;1;9;11798.039703805782
992;0;8;11798.039703805782
1006;0;9;11798.039703805782
182;0;7;12633.247178948637
178;0;8;12633.247178948637
172;1;11;12633.247178948637
180;1;12;12633.247178948637
492;0;10;10639.890584966586
484;0;11;10639.890584966586
480;0;9;10639.890584966586
487;0;10;10639.890584966586
101;0;11;10333.694163577818
112;1;8;10333.694163577818
113;1;7;10333.694163577818
114;0;12;10333.694163577818
1154;0;6;8480.366259537659
1150;0;5;8480.366259537659
1153;3;11;8480.366259537659
228;0;9;11563.66790259094
232;0;11;11563.66790259094
223;0;10;11563.66790259094
231;1;8;11563.66790259094
1152;1;12;8480.366259537659
950;0;11;10433.118536794373
942;0;10;10433.118536794373
939;0;10;10433.118536794373
293;0;11;9033.018093922428
299;0;11;9033.018093922428
751;3;4;9157.403836888403
759;0;10;9157.403836888403
757;3;6;9157.403836888403
301;0;8;9033.018093922428
200;0;8;10010.476579662274
755;0;12;9157.403836888403
206;3;5;10010.476579662274
298;1;8;9033.018093922428
194;2;7;10010.476579662274
946;0;9;10433.118536794373
203;2;10;10010.476579662274
1326;0;8;9706.085570684976
1323;1;10;9706.085570684976
1319;1;7;9706.085570684976
1327;1;9;9706.085570684976
536;0;10;10110.692533724567
1263;0;7;12652.874753203358
1264;1;12;12652.874753203358
1265;0;7;12652.874753203358
1261;1;12;12652.874753203358
1122;1;9;8087.691650517585
1121;1;7;8087.691650517585
531;0;10;10110.692533724567
1124;2;8;8087.691650517585
1112;1;10;8087.691650517585
161;0;8;10373.416510547066
160;0;6;10373.416510547066
55;0;10;9520.312147869186
163;0;12;10373.416510547066
54;0;10;9520.312147869186
154;0;14;10373.416510547066
47;0;12;9520.312147869186
112;0;8;10679.934413917532
111;0;12;10679.934413917532
144;2;4;9561.119355880202
145;2;5;9561.119355880202
147;0;13;9561.119355880202
53;0;8;9520.312147869186
113;0;12;10679.934413917532
100;0;8;10679.934413917532
141;0;14;9561.119355880202
1264;0;9;10493.432734420316
1259;0;12;10493.432734420316
1265;0;11;10493.432734420316
1263;0;8;10493.432734420316
36;0;9;9776.493248806424
24;0;10;9776.493248806424
37;0;11;9776.493248806424
35;0;10;9776.493248806424
531;0;15;10404.216241080558
532;0;5;10404.216241080558
529;0;5;10404.216241080558
524;0;15;10404.216241080558
648;0;10;8638.01295590025
643;0;10;8638.01295590025
1104;0;7;9807.09056771813
1102;0;13;9807.09056771813
1101;0;12;9807.09056771813
498;0;8;10881.95306561051
1091;0;8;9807.09056771813
507;0;8;10881.95306561051
503;0;12;10881.95306561051
506;0;12;10881.95306561051
650;0;8;8638.01295590025
651;0;12;8638.01295590025
1250;0;5;10505.469102342764
1257;0;10;10505.469102342764
1256;0;10;10505.469102342764
1254;0;15;10505.469102342764
1238;0;7;10889.573171390599
287;0;13;12012.816972573688
1240;0;11;10889.573171390599
290;0;7;12012.816972573688
286;0;7;12012.816972573688
282;0;13;12012.816972573688
1239;0;13;10889.573171390599
716;0;8;10026.16118464764
709;0;7;10026.16118464764
717;0;11;10026.16118464764
1241;0;9;10889.573171390599
713;0;12;10026.16118464764
579;1;8;10024.347149503734
585;0;9;10024.347149503734
586;0;10;10024.347149503734
98;0;5;11385.534332670926
519;0;8;10308.295136986924
94;0;15;11385.534332670926
512;0;9;10308.295136986924
93;0;13;11385.534332670926
62;0;11;8595.97615173626
1339;0;5;10813.39927083402
61;0;11;8595.97615173626
63;0;9;8595.97615173626
1340;0;15;10813.39927083402
1337;0;10;10813.39927083402
518;0;12;10308.295136986924
57;0;9;8595.97615173626
516;0;11;10308.295136986924
880;0;11;10516.009631484932
882;0;8;10516.009631484932
883;0;11;10516.009631484932
1272;0;9;9373.091527284563
1278;0;8;9373.091527284563
1279;0;12;9373.091527284563
552;0;10;7801.22335388256
549;0;9;7801.22335388256
871;1;8;10516.009631484932
542;0;11;7801.22335388256
584;0;11;10024.347149503734
551;0;10;7801.22335388256
1277;0;11;9373.091527284563
254;0;8;10365.19831439209
256;2;5;10365.19831439209
184;0;6;9362.49105165017
186;0;6;9362.49105165017
185;0;14;9362.49105165017
182;0;14;9362.49105165017
248;0;10;10365.19831439209
91;0;7;11385.534332670926
766;0;7;11080.854050537824
772;0;7;11080.854050537824
1338;0;10;10813.39927083402
771;0;13;11080.854050537824
804;0;7;11016.83198758279
799;0;13;11016.83198758279
805;0;14;11016.83198758279
258;0;13;10365.19831439209
611;0;8;10690.009981598007
617;0;8;10690.009981598007
773;0;13;11080.854050537824
613;1;11;10690.009981598007
806;0;6;11016.83198758279
615;1;11;10690.009981598007
145;0;10;9001.456301019725
139;0;8;9001.456301019725
151;2;7;9001.456301019725
52;0;7;11799.753604982676
407;0;11;11014.64132914929
410;0;9;11014.64132914929
402;0;9;11014.64132914929
50;1;7;11799.753604982676
54;0;11;11799.753604982676
152;0;11;9001.456301019725
46;1;11;11799.753604982676
362;0;6;9743.337946884887
364;1;9;9743.337946884887
409;0;11;11014.64132914929
363;0;10;9743.337946884887
83;1;7;10807.477305912114
88;0;6;10807.477305912114
80;1;11;10807.477305912114
1364;1;11;9064.797417691814
1366;0;8;9064.797417691814
1367;0;8;9064.797417691814
1368;1;11;9064.797417691814
449;3;7;10203.46249853462
447;3;6;10203.46249853462
452;1;6;10203.46249853462
454;4;7;10203.46249853462
86;1;12;10807.477305912114
1306;0;9;12001.944187462605
1299;0;9;12001.944187462605
695;1;8;11534.02846019841
1140;0;5;10626.229550108077
1144;2;9;10626.229550108077
697;1;10;11534.02846019841
1143;0;11;10626.229550108077
696;0;9;11534.02846019841
820;0;8;9300.399259240596
826;0;9;9300.399259240596
827;0;11;9300.399259240596
1305;0;11;12001.944187462605
823;0;12;9300.399259240596
1304;0;11;12001.944187462605
1146;2;7;10626.229550108077
980;2;6;10608.315688474751
982;1;9;10608.315688474751
977;2;10;10608.315688474751
981;0;7;10608.315688474751
984;0;8;13370.882295138817
989;0;10;13370.882295138817
1058;0;11;10113.43983285536
1059;1;7;10113.43983285536
1064;0;8;10113.43983285536
987;1;9;13370.882295138817
1379;0;12;10071.580280551741
1378;0;8;10071.580280551741
1381;0;7;10071.580280551741
986;0;11;13370.882295138817
1041;0;10;8978.622399318429
1047;0;9;8978.622399318429
1046;0;8;8978.622399318429
1376;1;11;10071.580280551741
1048;2;9;8978.622399318429
1061;1;10;10113.43983285536
792;6;4;12523.908531844136
801;2;3;12523.908531844136
794;2;4;12523.908531844136
800;4;5;12523.908531844136
313;0;11;12675.03982670949
321;0;8;12675.03982670949
320;1;8;12675.03982670949
322;0;11;12675.03982670949
222;2;8;10725.306930788187
224;2;8;10725.306930788187
209;0;8;10725.306930788187
219;2;8;10725.306930788187
682;1;7;9893.445165877445
684;2;5;9893.445165877445
678;1;9;9893.445165877445
683;2;11;9893.445165877445
206;0;11;11957.260977305985
51;5;10;10521.40064636721
198;0;9;11957.260977305985
47;0;10;10521.40064636721
49;0;5;10521.40064636721
485;2;9;10000.12424763409
481;2;8;10000.12424763409
486;1;6;10000.12424763409
478;0;7;10000.12424763409
999;0;9;11621.070572874192
1001;1;8;11621.070572874192
998;0;9;11621.070572874192
996;3;8;11621.070572874192
207;0;14;11957.260977305985
693;0;11;11534.02846019841
323;1;10;12693.635091823566
326;1;5;12693.635091823566
333;2;7;12693.635091823566
355;0;13;9743.337946884887
331;2;8;12693.635091823566
53;0;5;10521.40064636721
208;0;6;11957.260977305985
913;0;4;11045.983021980399
911;0;11;11045.983021980399
912;4;4;11045.983021980399
915;3;11;11045.983021980399
846;0;12;10165.769666192062
839;0;8;10165.769666192062
831;0;12;10165.769666192062
842;0;8;10165.769666192062
1396;0;9;11734.797073067937
1399;0;5;11734.797073067937
1398;0;11;11734.797073067937
1400;0;15;11734.797073067937
1341;0;10;10155.965860267324
1337;0;9;10155.965860267324
1318;0;9;10155.965860267324
62;0;9;7593.527745705032
69;0;9;7593.527745705032
71;0;11;7593.527745705032
67;0;11;7593.527745705032
760;0;11;12097.586189642394
761;0;11;12097.586189642394
750;0;9;12097.586189642394
764;0;9;12097.586189642394
1331;0;10;10155.965860267324
202;0;6;13077.796121937172
199;0;8;13077.796121937172
193;1;11;13077.796121937172
200;1;13;13077.796121937172
305;0;11;10218.721263311676
298;0;9;10218.721263311676
293;0;7;10218.721263311676
288;0;13;10218.721263311676
377;0;11;11151.42938418491
140;0;7;8821.785218238427
376;0;8;11151.42938418491
380;0;9;11151.42938418491
133;0;12;8821.785218238427
805;0;9;11186.881449983195
369;0;12;11151.42938418491
804;0;7;11186.881449983195
798;0;13;11186.881449983195
139;0;8;8821.785218238427
807;0;11;11186.881449983195
141;0;13;8821.785218238427
1104;0;6;11236.104081784604
1096;0;8;11236.104081784604
1088;0;12;11236.104081784604
1193;0;9;9954.7394676905
1202;1;10;9954.7394676905
1206;0;9;9954.7394676905
656;0;6;9227.146824816922
773;0;8;9927.39119894182
662;0;8;9227.146824816922
770;0;6;9927.39119894182
774;0;12;9927.39119894182
1099;0;14;11236.104081784604
762;0;14;9927.39119894182
661;0;12;9227.146824816922
749;0;8;9573.870854479985
740;0;9;9573.870854479985
748;0;11;9573.870854479985
660;0;14;9227.146824816922
753;0;12;9573.870854479985
66;0;8;10903.710972701088
70;0;7;10903.710972701088
63;1;11;10903.710972701088
68;0;12;10903.710972701088
24;0;8;9457.895272563219
25;0;9;9457.895272563219
21;0;12;9457.895272563219
857;0;7;11543.885790400042
866;0;10;11543.885790400042
852;0;13;11543.885790400042
869;0;10;11543.885790400042
26;0;11;9457.895272563219
324;1;7;9006.654418072103
333;0;7;9006.654418072103
332;1;11;9006.654418072103
872;0;6;13104.101147553934
868;0;7;13104.101147553934
864;1;12;13104.101147553934
189;0;7;9974.323833552198
188;4;8;9974.323833552198
187;4;8;9974.323833552198
178;0;7;9974.323833552198
875;0;13;13104.101147553934
962;2;6;9825.48114865764
958;0;6;9825.48114865764
902;0;9;11529.159786434742
915;0;11;11529.159786434742
907;1;8;11529.159786434742
955;3;10;9825.48114865764
912;2;6;11529.159786434742
402;0;10;11098.425082394171
411;1;7;11098.425082394171
409;0;10;11098.425082394171
730;0;10;10052.706660265829
744;0;10;10052.706660265829
746;0;10;10052.706660265829
961;0;10;9825.48114865764
407;3;7;11098.425082394171
1360;0;4;10621.35811076095
1367;0;14;10621.35811076095
1372;0;11;10621.35811076095
1371;2;7;10621.35811076095
645;1;6;9269.735315624517
653;1;5;9269.735315624517
652;0;13;9269.735315624517
1002;0;10;12716.875474030592
1000;0;6;12716.875474030592
646;0;12;9269.735315624517
993;1;13;12716.875474030592
1173;1;7;12581.268795627244
1163;1;7;12581.268795627244
1170;0;9;12581.268795627244
1174;2;9;12581.268795627244
695;1;5;12442.192801899299
704;0;5;12442.192801899299
688;1;13;12442.192801899299
703;1;13;12442.192801899299
308;1;8;10631.23009245345
316;2;6;10631.23009245345
318;0;8;10631.23009245345
1201;0;10;9954.7394676905
311;5;6;10631.23009245345
578;2;5;14241.890803728422
581;1;8;14241.890803728422
580;2;9;14241.890803728422
586;2;6;14241.890803728422
1354;2;9;11211.694289920313
1351;0;6;11211.694289920313
1353;3;6;11211.694289920313
1342;1;9;11211.694289920313
169;1;7;9454.622850723546
159;1;9;9454.622850723546
165;5;5;9454.622850723546
168;5;7;9454.622850723546
330;1;11;9006.654418072103
1392;5;6;9981.410201593506
1391;0;7;9981.410201593506
1384;0;6;9981.410201593506
1390;6;7;9981.410201593506
739;0;10;10052.706660265829
1003;0;9;12716.875474030592
956;0;9;9479.055352781927
957;0;11;9479.055352781927
955;0;11;9479.055352781927
947;0;9;9479.055352781927
149;1;4;8666.684218267386
133;0;15;8666.684218267386
861;0;10;10175.842620041078
856;0;11;10175.842620041078
150;0;15;8666.684218267386
859;0;8;10175.842620041078
860;0;9;10175.842620041078
148;0;4;8666.684218267386
1344;0;11;9710.66660227822
1326;0;9;9710.66660227822
1345;0;9;9710.66660227822
1343;0;11;9710.66660227822
160;0;9;10974.35239977526
179;0;6;10974.35239977526
166;0;10;10974.35239977526
553;0;14;12634.30388028606
562;0;15;12634.30388028606
563;0;5;12634.30388028606
170;0;13;10974.35239977526
560;0;6;12634.30388028606
1335;0;10;10743.336385030469
1332;0;7;10743.336385030469
1333;0;13;10743.336385030469
1334;0;10;10743.336385030469
1281;0;10;10302.064431704603
1284;0;11;10302.064431704603
1285;0;9;10302.064431704603
1283;0;10;10302.064431704603
1299;1;12;10093.999277150426
1301;0;13;10093.999277150426
401;0;9;9111.06309609733
1300;0;6;10093.999277150426
411;0;9;9111.06309609733
1297;0;7;10093.999277150426
412;0;11;9111.06309609733
1132;0;10;10148.119406942476
1135;0;10;10148.119406942476
1137;0;9;10148.119406942476
1136;0;11;10148.119406942476
344;0;10;9485.924767087288
334;0;11;9485.924767087288
341;0;9;9485.924767087288
346;0;10;9485.924767087288
408;0;11;9111.06309609733
491;0;12;11003.913329909108
494;0;8;11003.913329909108
487;0;6;11003.913329909108
1391;0;12;9792.586178299744
1386;0;11;9792.586178299744
1388;0;9;9792.586178299744
1390;0;8;9792.586178299744
484;0;14;11003.913329909108
189;1;12;10989.101256811975
188;1;11;10989.101256811975
798;0;10;9974.74315018939
801;0;9;9974.74315018939
1160;0;8;7452.400447436371
182;0;8;10989.101256811975
802;0;11;9974.74315018939
393;0;8;8671.495830960444
1156;0;8;7452.400447436371
190;0;7;10989.101256811975
396;0;12;8671.495830960444
800;0;10;9974.74315018939
398;0;8;8671.495830960444
391;0;12;8671.495830960444
1158;0;12;7452.400447436371
1162;0;12;7452.400447436371
1099;0;9;10680.088661152273
863;2;5;7477.554568141584
1102;0;8;10680.088661152273
1096;1;10;10680.088661152273
871;0;5;7477.554568141584
868;1;10;7477.554568141584
1101;1;11;10680.088661152273
870;2;10;7477.554568141584
702;1;6;11036.63497898222
441;0;11;10380.155860285493
707;1;6;11036.63497898222
438;0;8;10380.155860285493
444;0;10;10380.155860285493
698;0;13;11036.63497898222
443;1;9;10380.155860285493
138;0;10;9697.508969768705
705;0;13;11036.63497898222
140;1;8;9697.508969768705
134;1;9;9697.508969768705
141;0;11;9697.508969768705
843;0;10;9973.765347522525
840;0;8;9973.765347522525
830;0;12;9973.765347522525
844;0;10;9973.765347522525
540;0;6;11425.351054369385
535;1;3;11425.351054369385
539;1;12;11425.351054369385
537;0;15;11425.351054369385
215;2;11;12666.066858459188
227;0;10;12666.066858459188
815;0;9;8711.90574944368
221;0;6;12666.066858459188
816;0;8;8711.90574944368
810;0;11;8711.90574944368
223;1;7;12666.066858459188
694;0;8;8347.845562603432
129;0;6;10119.56981205632
126;1;8;10119.56981205632
697;1;6;8347.845562603432
696;0;11;8347.845562603432
128;0;11;10119.56981205632
690;2;9;8347.845562603432
117;2;9;10119.56981205632
817;0;12;8711.90574944368
113;3;6;9578.669145715647
110;0;8;9578.669145715647
111;1;9;9578.669145715647
463;1;6;11760.602214436898
233;0;9;13275.904241071778
232;0;7;13275.904241071778
464;0;13;11760.602214436898
238;0;9;13275.904241071778
457;0;14;11760.602214436898
225;2;11;13275.904241071778
97;3;7;9578.669145715647
462;0;5;11760.602214436898
551;0;8;9163.890622672592
554;0;4;9163.890622672592
546;1;11;9163.890622672592
552;0;15;9163.890622672592
197;0;7;9211.133484420474
199;1;11;9211.133484420474
198;0;8;9211.133484420474
296;0;7;9076.911695978773
192;1;12;9211.133484420474
301;1;7;9076.911695978773
1398;0;11;9704.038788758879
1396;1;5;9704.038788758879
299;1;11;9076.911695978773
1397;2;6;9704.038788758879
1389;0;12;9704.038788758879
1241;0;7;11097.189803463132
1245;1;8;11097.189803463132
300;0;11;9076.911695978773
1246;1;9;11097.189803463132
511;0;8;10302.023955383747
1244;2;10;11097.189803463132
519;0;9;10302.023955383747
520;5;5;10302.023955383747
1374;1;10;10131.031209034703
1375;0;8;10131.031209034703
1376;0;7;10131.031209034703
518;5;6;10302.023955383747
1377;1;11;10131.031209034703
243;0;5;9061.45787013508
241;1;4;9061.45787013508
245;0;14;9061.45787013508
235;0;15;9061.45787013508
727;0;7;11989.595683853362
725;0;8;11989.595683853362
728;1;12;11989.595683853362
951;3;4;10110.512967469593
949;2;4;10110.512967469593
950;2;8;10110.512967469593
1026;2;7;11587.699884483382
1015;3;6;11587.699884483382
1025;1;8;11587.699884483382
1024;1;9;11587.699884483382
724;1;11;11989.595683853362
936;5;8;10110.512967469593
788;0;8;9818.618532663637
779;0;11;9818.618532663637
787;0;11;9818.618532663637
712;0;4;9958.461715350064
713;0;4;9958.461715350064
714;5;10;9958.461715350064
785;1;8;9818.618532663637
711;4;10;9958.461715350064
48;6;8;10511.155597363972
44;1;4;10511.155597363972
46;1;4;10511.155597363972
42;5;8;10511.155597363972
937;0;5;11503.006262043242
939;1;7;11503.006262043242
940;1;11;11503.006262043242
933;1;13;11503.006262043242
322;2;6;8794.735641331466
321;0;7;8794.735641331466
318;3;7;8794.735641331466
323;1;8;8794.735641331466
