46;0.0;11394.046384105366
29;0.0;11394.046384105366
108;0.0;12070.776181117017
102;0.0;12070.776181117017
94;0.0;12070.776181117017
87;0.0;12070.776181117017
27;0.0;12301.567820733988
22;0.0;12285.949130465757
44;0.0;12285.949130465757
93;0.0;11717.849486472054
97;0.0;11717.849486472054
105;0.0;11717.849486472054
151;0.0;12251.1806043648
152;0.0;12251.1806043648
153;0.0;12251.1806043648
141;0.0;12251.1806043648
35;0.0;12212.256827573148
31;0.0;12212.256827573148
49;0.0;12212.256827573148
133;0.0;12255.019095248354
75;0.0;11829.633048944057
135;0.0;12255.019095248354
131;0.0;12255.019095248354
137;0.0;12255.019095248354
120;0.0;11747.24758995231
96;28.0;12070.776181117017
106;56.0;12070.776181117017
98;20.0;12070.776181117017
36;102.0;12285.949130465757
54;108.0;12285.949130465757
32;24.0;12285.949130465757
48;12.0;12285.949130465757
156;36.0;12251.1806043648
33;232.0;11394.046384105366
37;100.0;11394.046384105366
47;136.0;11394.046384105366
99;48.0;11717.849486472054
95;32.0;11717.849486472054
67;108.0;12301.567820733988
101;80.0;11717.849486472054
64;18.0;12301.567820733988
68;244.0;12301.567820733988
61;92.0;12301.567820733988
45;24.0;12212.256827573148
100;124.0;12070.776181117017
104;260.0;12070.776181117017
140;126.0;12251.1806043648
136;144.0;12255.019095248354
134;10.0;12255.019095248354
138;96.0;12255.019095248354
130;24.0;12255.019095248354
132;152.0;12255.019095248354
66;134.0;12301.567820733988
69;132.0;12301.567820733988
65;142.0;12301.567820733988
63;172.0;12301.567820733988
155;238.0;12251.1806043648
150;202.0;12251.1806043648
154;234.0;12251.1806043648
53;158.0;11394.046384105366
119;40.0;11747.24758995231
124;216.0;11747.24758995231
117;72.0;11747.24758995231
122;68.0;11747.24758995231
115;30.0;11747.24758995231
73;14.0;11829.633048944057
79;44.0;11829.633048944057
72;22.0;11829.633048944057
76;156.0;11829.633048944057
107;284.0;11717.849486472054
90;278.0;11717.849486472054
103;188.0;11717.849486472054
43;238.0;11394.046384105366
50;290.0;11394.046384105366
56;160.0;11394.046384105366
58;100.0;12212.256827573148
55;128.0;12212.256827573148
52;320.0;12212.256827573148
21;66.0;12212.256827573148
42;148.0;12212.256827573148
51;422.0;12285.949130465757
57;536.0;12285.949130465757
41;334.0;12285.949130465757
126;304.0;11747.24758995231
123;284.0;11747.24758995231
121;112.0;11747.24758995231
74;140.0;11829.633048944057
39;338.0;11829.633048944057
78;274.0;11829.633048944057
77;294.0;11829.633048944057
79;0.0;11654.0169553568
73;0.0;11654.0169553568
104;0.0;11125.273757016945
89;0.0;11125.273757016945
102;0.0;11125.273757016945
57;0.0;12339.478514748364
127;0.0;11839.598362102672
126;0.0;11839.598362102672
128;0.0;11839.598362102672
117;0.0;11839.598362102672
34;0.0;12366.736420030491
37;0.0;12366.736420030491
47;0.0;11613.834663603817
44;0.0;11613.834663603817
42;0.0;11613.834663603817
30;0.0;11441.00686398801
24;0.0;11441.00686398801
27;0.0;11441.00686398801
25;0.0;11441.00686398801
23;0.0;11441.00686398801
139;0.0;12131.027472035239
143;0.0;12131.027472035239
138;0.0;12131.027472035239
151;0.0;11780.550654159955
157;0.0;11780.550654159955
149;0.0;11780.550654159955
92;0.0;11789.203727698812
85;0.0;11789.203727698812
76;100.0;11654.0169553568
74;28.0;11654.0169553568
70;176.0;11654.0169553568
77;120.0;11654.0169553568
114;72.0;11125.273757016945
105;68.0;11125.273757016945
109;60.0;11125.273757016945
130;176.0;11839.598362102672
125;12.0;11839.598362102672
131;28.0;11839.598362102672
19;130.0;11441.00686398801
142;120.0;12131.027472035239
61;56.0;12339.478514748364
32;72.0;12339.478514748364
58;60.0;12339.478514748364
59;48.0;12339.478514748364
63;16.0;12339.478514748364
33;36.0;12366.736420030491
35;32.0;12366.736420030491
40;72.0;12366.736420030491
38;112.0;12366.736420030491
36;60.0;12366.736420030491
152;160.0;11780.550654159955
150;44.0;11780.550654159955
78;120.0;11654.0169553568
75;236.0;11654.0169553568
80;464.0;11654.0169553568
51;168.0;11613.834663603817
45;36.0;11613.834663603817
21;118.0;12366.736420030491
39;112.0;12366.736420030491
141;48.0;12131.027472035239
145;112.0;12131.027472035239
129;304.0;11839.598362102672
124;196.0;11839.598362102672
62;124.0;12339.478514748364
60;70.0;12339.478514748364
64;264.0;12339.478514748364
95;74.0;11789.203727698812
93;38.0;11789.203727698812
96;160.0;11789.203727698812
98;88.0;11789.203727698812
103;290.0;11125.273757016945
111;286.0;11125.273757016945
113;338.0;11125.273757016945
26;148.0;11441.00686398801
28;336.0;11441.00686398801
29;624.0;11441.00686398801
154;380.0;11780.550654159955
155;112.0;11780.550654159955
156;416.0;11780.550654159955
153;120.0;11780.550654159955
50;112.0;11613.834663603817
49;102.0;11613.834663603817
46;124.0;11613.834663603817
48;150.0;11613.834663603817
94;96.0;11789.203727698812
97;344.0;11789.203727698812
99;88.0;11789.203727698812
140;194.0;12131.027472035239
146;384.0;12131.027472035239
144;294.0;12131.027472035239
31;0.0;11239.575429729499
26;0.0;11239.575429729499
142;0.0;11798.456956652271
111;0.0;11695.814672106362
109;0.0;11695.814672106362
106;0.0;11695.814672106362
110;0.0;11695.814672106362
129;0.0;10565.215514304036
64;0.0;11102.724442921122
134;0.0;10565.215514304036
62;0.0;11102.724442921122
25;0.0;11678.69630353138
52;0.0;11678.69630353138
99;0.0;11837.928147068416
150;0.0;10980.402760179484
153;0.0;10980.402760179484
40;0.0;11583.420097264256
32;0.0;11583.420097264256
28;0.0;11583.420097264256
22;0.0;11583.420097264256
36;0.0;11583.420097264256
43;0.0;11583.420097264256
65;104.0;11102.724442921122
70;120.0;11102.724442921122
66;132.0;11102.724442921122
68;88.0;11102.724442921122
138;52.0;11798.456956652271
141;48.0;11798.456956652271
35;288.0;11239.575429729499
27;22.0;11239.575429729499
49;78.0;11678.69630353138
55;292.0;11678.69630353138
53;136.0;11678.69630353138
50;40.0;11678.69630353138
114;162.0;11695.814672106362
115;62.0;11695.814672106362
113;140.0;11695.814672106362
91;246.0;11695.814672106362
112;242.0;11695.814672106362
100;84.0;11837.928147068416
102;176.0;11837.928147068416
94;216.0;11837.928147068416
97;28.0;11837.928147068416
104;42.0;11837.928147068416
34;258.0;11583.420097264256
42;120.0;11583.420097264256
38;178.0;11583.420097264256
126;42.0;10565.215514304036
130;14.0;10565.215514304036
132;120.0;10565.215514304036
133;64.0;10565.215514304036
108;66.0;10565.215514304036
48;172.0;11678.69630353138
54;312.0;11678.69630353138
56;304.0;11678.69630353138
67;328.0;11102.724442921122
47;182.0;11102.724442921122
69;320.0;11102.724442921122
37;118.0;11239.575429729499
20;182.0;11239.575429729499
151;54.0;10980.402760179484
157;152.0;10980.402760179484
152;136.0;10980.402760179484
156;280.0;10980.402760179484
154;60.0;10980.402760179484
128;96.0;10565.215514304036
131;82.0;10565.215514304036
101;280.0;11837.928147068416
87;208.0;11837.928147068416
103;240.0;11837.928147068416
144;170.0;10980.402760179484
155;252.0;10980.402760179484
33;314.0;11239.575429729499
24;202.0;11239.575429729499
41;188.0;11239.575429729499
140;80.0;11798.456956652271
146;224.0;11798.456956652271
145;180.0;11798.456956652271
139;200.0;11798.456956652271
143;400.0;11798.456956652271
147;244.0;11798.456956652271
11;0.0;11525.795633716876
5;0.0;11525.795633716876
6;0.0;11525.795633716876
7;62.0;11525.795633716876
9;64.0;11525.795633716876
10;176.0;11525.795633716876
12;104.0;11525.795633716876
13;156.0;11525.795633716876
8;60.0;11525.795633716876
8;0.0;11158.258550929075
13;56.0;11158.258550929075
6;16.0;11158.258550929075
10;68.0;11158.258550929075
5;0.0;11248.498707298104
7;0.0;11248.498707298104
10;60.0;11248.498707298104
6;72.0;11248.498707298104
13;18.0;11248.498707298104
9;110.0;11248.498707298104
12;188.0;11248.498707298104
8;182.0;11248.498707298104
11;256.0;11248.498707298104
8;0.0;11951.545824956405
10;0.0;11951.545824956405
6;0.0;11951.545824956405
13;112.0;11951.545824956405
9;36.0;11951.545824956405
5;32.0;11951.545824956405
11;188.0;11951.545824956405
12;206.0;11951.545824956405
7;196.0;11951.545824956405
6;0.0;11800.391495063996
7;24.0;11800.391495063996
9;20.0;11800.391495063996
11;96.0;11800.391495063996
12;152.0;11800.391495063996
8;60.0;11800.391495063996
5;96.0;11800.391495063996
10;288.0;11800.391495063996
13;352.0;11800.391495063996
6;0.0;12050.786029574847
11;0.0;12050.786029574847
13;0.0;12050.786029574847
8;74.0;12050.786029574847
9;10.0;12050.786029574847
5;32.0;12050.786029574847
7;136.0;12050.786029574847
10;348.0;12050.786029574847
12;244.0;12050.786029574847
6;56.0;12164.961283142666
7;64.0;12164.961283142666
11;42.0;12164.961283142666
9;176.0;12164.961283142666
5;110.0;12164.961283142666
12;368.0;12164.961283142666
10;172.0;12164.961283142666
13;196.0;12164.961283142666
8;176.0;12164.961283142666
8;0.0;11462.32734347904
7;42.0;11462.32734347904
6;6.0;11462.32734347904
10;224.0;11462.32734347904
9;66.0;11462.32734347904
13;108.0;11462.32734347904
12;112.0;11462.32734347904
5;108.0;11462.32734347904
11;200.0;11462.32734347904
6;0.0;11614.129061123433
8;0.0;11727.674996312153
5;0.0;11727.674996312153
10;0.0;11727.674996312153
8;40.0;11614.129061123433
7;28.0;11614.129061123433
5;50.0;11614.129061123433
12;84.0;11614.129061123433
13;28.0;11614.129061123433
11;36.0;11614.129061123433
9;88.0;11614.129061123433
10;200.0;11614.129061123433
7;22.0;11727.674996312153
13;66.0;11727.674996312153
9;12.0;11727.674996312153
6;166.0;11727.674996312153
12;190.0;11727.674996312153
11;132.0;11727.674996312153
80;0.0;11872.873949243007
81;0.0;11872.873949243007
77;0.0;11872.873949243007
26;0.0;12020.744850921677
37;0.0;12020.744850921677
60;0.0;12472.961458216554
133;0.0;11356.798314149193
131;0.0;11356.798314149193
87;0.0;11546.971194775715
90;0.0;11546.971194775715
26;0.0;11230.566281020116
23;0.0;11230.566281020116
34;0.0;11293.1863230422
146;0.0;12172.604790337613
141;0.0;12172.604790337613
144;0.0;12172.604790337613
142;0.0;12172.604790337613
75;0.0;11119.609424960116
63;0.0;11119.609424960116
66;0.0;11119.609424960116
85;0.0;11747.731147126597
90;0.0;11747.731147126597
77;0.0;11747.731147126597
138;0.0;12162.353453260426
140;0.0;12162.353453260426
33;104.0;12020.744850921677
43;88.0;12020.744850921677
35;40.0;12020.744850921677
39;52.0;12020.744850921677
108;0.0;11155.312023797802
126;0.0;11155.312023797802
98;0.0;11155.312023797802
111;0.0;11155.312023797802
85;80.0;11872.873949243007
52;72.0;11872.873949243007
83;16.0;11872.873949243007
122;0.0;11547.540774250429
125;0.0;11547.540774250429
137;0.0;11547.540774250429
22;0.0;11296.588705804556
10;0.0;11296.588705804556
65;0.0;10994.55812670448
14;0.0;11296.588705804556
51;0.0;10994.55812670448
61;0.0;10994.55812670448
128;0.0;12131.0202524985
124;0.0;12131.0202524985
115;0.0;12131.0202524985
74;0.0;11809.705963857057
120;0.0;12131.0202524985
81;0.0;11809.705963857057
122;0.0;12085.727847969885
120;0.0;12085.727847969885
64;0.0;11705.417354453288
56;0.0;11705.417354453288
89;40.0;11546.971194775715
91;80.0;11546.971194775715
95;184.0;11546.971194775715
92;66.0;11546.971194775715
140;32.0;12172.604790337613
94;168.0;11546.971194775715
59;190.0;11546.971194775715
93;162.0;11546.971194775715
107;48.0;11747.731147126597
20;42.0;11230.566281020116
72;24.0;11119.609424960116
74;50.0;11119.609424960116
51;66.0;11119.609424960116
65;64.0;11119.609424960116
70;54.0;11119.609424960116
68;144.0;11119.609424960116
75;68.0;12472.961458216554
63;38.0;12472.961458216554
55;72.0;12472.961458216554
134;100.0;11356.798314149193
136;90.0;11356.798314149193
130;224.0;11356.798314149193
137;104.0;11356.798314149193
41;334.0;12020.744850921677
46;348.0;12020.744850921677
31;342.0;12020.744850921677
36;28.0;11293.1863230422
42;112.0;11293.1863230422
45;104.0;11293.1863230422
38;104.0;11293.1863230422
30;54.0;11293.1863230422
40;160.0;11293.1863230422
132;8.0;12131.0202524985
118;26.0;12131.0202524985
105;12.0;11325.237098092946
110;144.0;11325.237098092946
104;40.0;11325.237098092946
147;50.0;12172.604790337613
25;128.0;11293.1863230422
48;188.0;11293.1863230422
103;40.0;11155.312023797802
119;22.0;11155.312023797802
123;56.0;11155.312023797802
92;24.0;11155.312023797802
96;88.0;11155.312023797802
47;48.0;10994.55812670448
54;88.0;10994.55812670448
41;12.0;10994.55812670448
37;124.0;10994.55812670448
33;104.0;10994.55812670448
58;112.0;10994.55812670448
138;72.0;11356.798314149193
132;70.0;11356.798314149193
135;80.0;11356.798314149193
84;576.0;11872.873949243007
82;328.0;11872.873949243007
79;606.0;11872.873949243007
117;40.0;12085.727847969885
119;48.0;12085.727847969885
124;34.0;12085.727847969885
110;240.0;11747.731147126597
97;128.0;11747.731147126597
38;12.0;11296.588705804556
18;114.0;11296.588705804556
28;60.0;11296.588705804556
141;44.0;12162.353453260426
28;76.0;11705.417354453288
69;80.0;11705.417354453288
54;34.0;11705.417354453288
131;252.0;12131.0202524985
106;304.0;12131.0202524985
144;198.0;12131.0202524985
78;52.0;11809.705963857057
59;34.0;11809.705963857057
91;96.0;11809.705963857057
83;80.0;11809.705963857057
95;144.0;11809.705963857057
106;64.0;11325.237098092946
108;92.0;11325.237098092946
148;330.0;12172.604790337613
143;382.0;12172.604790337613
145;382.0;12172.604790337613
100;148.0;11325.237098092946
79;248.0;12472.961458216554
45;140.0;12472.961458216554
67;336.0;12472.961458216554
88;110.0;11809.705963857057
121;208.0;12085.727847969885
118;76.0;12085.727847969885
70;106.0;11809.705963857057
127;208.0;11547.540774250429
130;20.0;11547.540774250429
133;56.0;11547.540774250429
103;80.0;12085.727847969885
123;154.0;12085.727847969885
16;102.0;11230.566281020116
40;78.0;11230.566281020116
32;110.0;11230.566281020116
35;288.0;11230.566281020116
46;106.0;11230.566281020116
30;236.0;11230.566281020116
61;194.0;11705.417354453288
134;184.0;12162.353453260426
147;192.0;12162.353453260426
145;192.0;12162.353453260426
109;226.0;11325.237098092946
111;252.0;11325.237098092946
107;248.0;11325.237098092946
67;340.0;11705.417354453288
71;328.0;11705.417354453288
57;166.0;11705.417354453288
143;320.0;12162.353453260426
148;262.0;12162.353453260426
136;316.0;12162.353453260426
39;324.0;11296.588705804556
31;224.0;11296.588705804556
24;184.0;11296.588705804556
53;122.0;12472.961458216554
72;208.0;12472.961458216554
139;196.0;11547.540774250429
116;244.0;11547.540774250429
135;230.0;11547.540774250429
112;224.0;11747.731147126597
82;214.0;11747.731147126597
104;332.0;11747.731147126597
