5;172.0;85006799
6;172.0;85006799
9;291.99999999999983;85006799
7;326.0;85006799
10;291.99999999999983;85006799
8;326.0;85006799
8;283.99999999999983;74040855
5;272.0;74040855
6;272.0;74040855
7;283.99999999999983;74040855
9;253.52623134829508;74040855
10;253.99298412268416;74040855
5;272.0;78463340
8;242.0;78463340
7;242.0;78463340
6;272.0;78463340
10;281.8409659862372;78463340
9;281.9929841226842;78463340
8;242.0;56980141
7;242.0;56980141
10;257.9929841226842;56980141
9;257.52623134829514;56980141
5;225.64191933645253;56980141
6;224.40402893624454;56980141
7;305.60612981481887;32772744
8;312.8243393789186;32772744
9;215.0758023302075;32772744
6;242.9638464263542;32772744
10;187.52288087721396;32772744
5;242.6675119276087;32772744
7;312.8243393789186;20566983
5;272.0;20566983
6;272.0;20566983
8;314.9759040909462;20566983
10;185.91683057169757;20566983
9;186.38358334608668;20566983
145;172.0;14733239
131;172.0;14733239
155;291.99999999999983;14733239
151;326.0;14733239
157;291.99999999999983;14733239
153;326.0;14733239
190;272.9334752908753;13253677
189;273.10437272739347;13253677
191;191.62919729965617;13253677
187;225.83206269223842;13253677
188;224.30462231719886;13253677
192;192.00948412437208;13253677
58;238.58255981756727;34354399
51;238.0;34354399
26;219.61818987933577;34354399
56;239.41968000844383;34354399
53;238.0;34354399
46;220.10207156174494;34354399
116;286.00000000000006;52450074
114;272.0;52450074
111;272.0;52450074
115;286.00000000000006;52450074
119;235.84630407181362;52450074
120;235.0301996522557;52450074
31;279.5886903463257;12908575
61;279.5886903463257;12908575
125;272.0;83610034
128;262.77321805414795;83610034
129;261.8804810920859;83610034
123;272.0;83610034
126;260.7966657829843;83610034
127;260.70251486497153;83610034
62;336.0;12908575
68;165.84208280014894;12908575
66;336.0;12908575
67;166.30883557453802;12908575
181;183.76655201848632;53760173
172;300.0;53760173
179;300.0;53760173
182;183.70689901624974;53760173
184;305.52623134829514;53760173
183;305.9929841226842;53760173
47;192.11930077891049;16228917
45;191.98251716189526;16228917
52;312.8243393789186;14617906
54;314.9759040909462;14617906
57;187.0758023302075;14617906
50;225.11772573387208;14617906
32;225.00195219490865;14617906
55;187.12575990437912;14617906
43;332.0;16228917
27;274.3627666385545;16228917
37;274.41133112448045;16228917
44;332.0;16228917
97;274.0;6614027
98;274.0;6614027
90;272.0;6614027
96;272.0;6614027
100;205.9929841226839;6614027
99;206.09301450083265;6614027
73;287.99999999999994;2766852
75;288.8095225324182;2766852
76;277.08120080015703;2766852
72;276.5143298626863;2766852
70;218.0;2766852
77;213.52623134829514;2766852
152;274.0;57980948
154;274.0;57980948
158;242.89656501748158;57980948
156;242.4298122430925;57980948
147;241.72879985179995;57980948
134;233.54128182379267;57980948
39;161.61281060585793;92253621
40;161.14605783146885;92253621
35;330.1036026413991;92253621
28;330.33179147211376;92253621
82;232.2863053139218;86035387
88;229.99298412268422;86035387
86;288.0000000000001;86035387
85;288.0000000000001;86035387
87;252.4270591080649;86035387
84;268.1394613245477;86035387
36;277.6458167627636;92253621
38;285.44980953376273;92253621
169;240.60489795599915;1593641
171;212.82579891787975;1593641
173;233.05224813630446;1593641
170;212.30886662638773;1593641
167;207.99999999999986;1593641
174;180.00159077368158;1593641
84;172.0;31119036
79;172.0;31119036
28;172.0;41874928
36;172.0;41874928
67;172.0;26971847
63;172.0;26971847
173;172.0;91169322
180;172.0;91169322
186;172.0;83714410
188;172.0;83714410
87;291.99999999999983;31119036
88;291.99999999999983;31119036
85;326.01016095065984;31119036
86;325.8057637181656;31119036
43;291.52623134829497;41874928
37;326.0;41874928
40;326.0;41874928
44;291.99298412268405;41874928
68;326.0;26971847
70;291.99999999999983;26971847
71;291.99999999999983;26971847
69;326.0;26971847
116;326.0;33163007
108;246.0;33163007
114;326.0;33163007
113;246.0;33163007
117;275.99999999999983;33163007
118;275.99999999999983;33163007
184;291.52623134829497;91169322
182;326.01016095065984;91169322
183;291.99298412268405;91169322
181;325.8057637181656;91169322
191;291.99999999999983;83714410
189;326.0;83714410
190;326.0;83714410
192;291.99999999999983;83714410
138;256.53849202327115;17527456
141;256.07173924888207;17527456
134;288.0000000000001;17527456
136;288.0000000000001;17527456
133;284.7350119158202;17527456
131;286.43661864727756;17527456
74;309.8484352879724;29969217
75;312.0;29969217
77;209.07580233020735;29969217
73;242.9638464263542;29969217
76;209.12575990437898;29969217
64;242.6675119276087;29969217
104;296.0;581723
103;296.0;581723
176;180.32802375716847;44548952
172;272.0;44548952
174;273.10437272739347;44548952
177;180.0935640427678;44548952
175;272.9334752908753;44548952
171;272.0;44548952
102;282.0798885047806;581723
99;281.95086906349223;581723
33;270.81052547139177;88249081
53;271.0108480608499;88249081
106;253.52623134829508;581723
54;312.56839346768504;88249081
105;253.99298412268416;581723
58;261.125759904379;88249081
124;231.99298412268422;36572140
125;231.52623134829514;36572140
56;265.8484352879724;88249081
123;188.6190039908453;36572140
57;209.07580233020735;88249081
122;189.15275147410458;36572140
121;225.83206269223842;36572140
115;225.83206269223842;36572140
38;180.71779973540822;38668152
39;162.60446295303962;38668152
48;165.64581676276362;72289959
49;181.44980953376273;72289959
140;200.0;19390935
157;292.60589278108694;19390935
163;190.1670388416466;19390935
164;190.3731431983904;19390935
42;237.12575990437898;38668152
45;237.07580233020735;38668152
41;272.0;72289959
160;310.5505552372916;19390935
27;272.0;72289959
162;265.04321383800743;19390935
29;242.9638464263542;38668152
35;242.6675119276087;38668152
51;270.56024393135147;72289959
50;271.170164432512;72289959
135;172.0;60991753
154;172.0;60991753
91;172.0;14129855
87;172.0;14129855
159;291.99999999999983;60991753
157;325.8057637181656;60991753
155;326.01016095065984;60991753
158;291.99999999999983;60991753
97;291.99999999999983;14129855
93;326.0;14129855
95;326.0;14129855
99;291.99999999999983;14129855
163;170.02112811969744;81102152
169;170.24075988752116;81102152
35;291.00834547689476;857315
38;288.5799998071362;857315
31;215.12035978592138;857315
25;215.69303405285336;857315
132;243.18160374968102;9098209
146;243.32031401082895;9098209
149;275.52623134829497;9098209
151;275.99298412268405;9098209
147;246.81201765696687;9098209
148;246.95433167772484;9098209
41;236.12443357677265;857315
40;236.31230647941197;857315
81;208.0;82780058
82;208.0;82780058
80;313.0918590999897;82780058
76;230.0;82780058
77;314.71938109649426;82780058
63;230.0;82780058
170;344.37991791785987;81102152
172;253.52623134829514;81102152
171;344.485544241568;81102152
174;253.99298412268422;81102152
128;190.9468656132694;74887671
129;190.55580457649674;74887671
127;316.0;74887671
126;314.7177997354082;74887671
120;230.0;74887671
124;230.0;74887671
184;212.0;35072945
186;210.71779973540822;35072945
178;244.0;35072945
189;283.86694121893214;35072945
188;283.99298412268416;35072945
181;244.0;35072945
67;206.31432088338698;66293540
72;238.08895954277344;66293540
74;239.8864327828329;66293540
73;238.1158070431782;66293540
49;206.0;66293540
68;238.47590639078373;66293540
59;243.52623134829514;14449144
58;243.99298412268422;14449144
56;314.6027740727901;14449144
55;314.4907251914037;14449144
53;230.0;14449144
47;230.0;14449144
110;316.0;60490781
111;316.0;60490781
103;272.0;60490781
108;212.0;60490781
107;272.0;60490781
109;210.71779973540822;60490781
190;200.35221573538112;61634029
187;200.50704874848023;61634029
183;309.38784936260606;61634029
185;309.62441495431017;61634029
182;230.0;61634029
180;230.0;61634029
54;311.2711696784346;32566604
50;270.24916859404647;32566604
52;310.7241236446099;32566604
51;270.24916859404647;32566604
46;198.31432088338713;32566604
28;198.00000000000014;32566604
39;172.0;26304039
36;284.51851145216995;26304039
37;283.23631118757817;26304039
42;172.0;26304039
26;297.5522529987762;26304039
32;299.2313891291004;26304039
98;242.4646233868921;25878217
96;163.41018174599765;25878217
94;317.90790749227335;25878217
92;326.0;25878217
88;210.52013427438732;25878217
90;248.57275795027215;25878217
