9;246.0;66056007
8;182.0;66056007
6;348.0;66056007
5;344.0;66056007
7;256.0;66056007
10;334.0;66056007
8;344.0;81387366
10;312.0;81387366
6;286.0;81387366
7;338.0;81387366
9;308.0;81387366
5;312.0;81387366
6;344.0;81881525
5;346.0;81881525
8;336.0;81881525
7;328.0;81881525
10;310.0;81881525
9;310.0;81881525
9;344.0;28746280
8;344.0;28746280
5;344.0;28746280
6;344.0;28746280
10;340.0;28746280
7;330.0;28746280
7;340.0;70969792
8;342.0;70969792
10;312.0;70969792
5;322.0;70969792
9;312.0;70969792
6;326.0;70969792
7;300.0;72764335
8;302.0;72764335
6;306.0;72764335
5;306.0;72764335
9;338.0;72764335
10;338.0;72764335
6;308.0;60231596
5;307.68303287530534;60231596
9;319.45472051929494;60231596
8;258.29509664798036;60231596
10;343.7062390075733;60231596
7;322.7444535083136;60231596
10;310.0;38660229
9;310.0;38660229
7;272.9743835475406;38660229
8;272.1647780119403;38660229
5;323.70659162610843;38660229
10;295.77430756080923;22780954
9;315.99999999999994;22780954
7;281.9490646156319;22780954
8;310.8448287889573;22780954
6;306.44155198513613;22780954
5;306.4342341451487;22780954
6;344.6512866651466;38660229
158;306.0;3672996
128;225.47613025216742;3672996
152;225.18568067727165;3672996
155;270.46889171257413;3672996
159;306.0;3672996
157;270.5850966419707;3672996
61;289.02144767409004;58031847
65;318.0;58031847
63;287.38097292853183;58031847
67;318.0;58031847
55;327.99999999999994;58031847
59;326.13997220867026;58031847
85;276.3799181750618;49313745
87;328.3259698327816;49313745
79;264.8125753706579;49313745
76;319.1007009061219;49313745
102;196.09016994374943;69625708
107;313.4858627098099;69625708
99;196.55710165624922;69625708
105;312.99062886126967;69625708
104;311.2703782499641;69625708
103;311.429594467946;69625708
189;270.999498891593;23285073
190;270.9591872921835;23285073
68;272.91450335713847;5481565
191;342.3145417390182;23285073
188;309.73112191633726;23285073
192;342.1833369438445;23285073
186;309.34629197762774;23285073
136;226.0;42044185
127;226.0;42044185
147;326.0;42044185
143;326.0;42044185
139;231.38274964759245;42044185
140;229.80092749218085;42044185
83;333.1196456699372;49313745
81;328.30033253089834;49313745
116;298.0;26233159
115;298.0;26233159
101;323.9398791055867;26233159
109;324.04497111347473;26233159
179;242.1861419445499;89754804
181;311.4327879324423;89754804
75;264.0;84232094
183;334.2920509975226;89754804
184;334.40881181188934;89754804
80;242.9540071217121;84232094
82;245.16260227374582;84232094
180;260.2017372757974;89754804
182;286.97374681164416;89754804
78;264.0;84232094
84;260.0;84232094
86;260.0;84232094
172;289.9999999999999;83521513
167;291.04799885450416;83521513
173;289.9999999999999;83521513
170;290.95727464590345;83521513
174;328.94563084527863;83521513
175;329.07687393724285;83521513
113;272.24164571709366;26233159
111;272.8119037661801;26233159
40;241.15833565847436;27394689
43;326.00000000000006;27394689
42;326.00000000000006;27394689
38;241.43156325151074;27394689
32;322.0;27394689
36;322.0;27394689
66;324.6806349588001;5481565
47;254.0;5481565
62;260.51557448498914;5481565
64;302.0;5481565
60;312.0;5481565
134;278.0;86192817
135;286.0;86192817
124;294.34581583922136;86192817
126;323.6776906939671;86192817
133;329.7270244675783;86192817
131;339.0390712246316;86192817
51;291.1887630651794;99977782
45;192.40700199186514;99977782
52;274.39996219739635;99977782
31;192.80431376420805;99977782
53;292.45844383498957;99977782
54;293.32065181733617;99977782
35;319.83243532143155;1389808
41;329.65915974847377;1389808
44;298.0612881054941;1389808
29;273.75199115323824;1389808
37;334.0656171443884;1389808
39;341.7142090950624;1389808
57;226.78435378321865;92719398
65;299.9721283567689;92719398
67;299.9073315970004;92719398
59;226.9957977880165;92719398
61;296.8399855958333;92719398
63;296.6663545920178;92719398
68;283.99999999999983;83846602
60;278.8235200476527;83846602
54;278.77633591181643;83846602
66;283.99999999999983;83846602
64;284.55850943942204;83846602
62;284.3777800521804;83846602
73;261.2344893336388;77219969
59;288.18208118372524;23919255
84;290.0;77219969
58;288.0867857355064;23919255
79;290.0;77219969
70;261.7691479465097;77219969
54;236.55030080386769;23919255
67;290.48599292082076;77219969
60;290.38737256217837;77219969
57;318.15785418860605;23919255
51;238.0;23919255
55;318.3385835758477;23919255
81;259.06933772951805;44023094
92;324.0;6569542
90;324.0;6569542
77;309.62585628007986;44023094
106;301.5083492261294;86834922
79;259.1846177154738;44023094
72;311.0753746079521;44023094
96;224.94980769600818;86834922
85;292.1673992148377;44023094
83;292.22152064955554;44023094
105;301.07016095485363;86834922
102;225.31428784956387;86834922
104;304.3445879631858;86834922
103;304.75728876671184;86834922
86;278.43256683104903;62203990
78;323.3162573341815;62203990
76;323.05242812455174;62203990
84;278.48769703202396;62203990
80;302.436280145536;62203990
82;302.5762349920641;62203990
171;224.76064250802608;21268498
173;224.6652551256284;21268498
175;259.23100866315383;21268498
176;306.61676206910033;21268498
178;304.8938634310509;21268498
174;257.4022743316959;21268498
116;291.6847241004834;7547013
121;291.86799855941854;7547013
66;220.7444818490477;45023972
124;281.0152420509929;7547013
64;220.79364139891936;45023972
125;281.57242316510894;7547013
68;282.258253817202;45023972
67;282.12490347657285;45023972
53;326.0;45023972
62;326.0;45023972
122;295.6029134213692;7547013
123;293.83528046458036;7547013
29;267.42838115063216;23155755
38;171.64784249876396;23155755
37;267.8708365732713;23155755
41;171.48946997785478;23155755
133;288.8825092002794;75781441
142;298.67878144579595;75781441
143;298.67878144579595;75781441
139;288.14452391985;75781441
141;227.35241782256105;75781441
140;227.37463903946673;75781441
30;266.0;92093403
36;258.7342806741352;92093403
23;234.0;66730980
23;266.0;92093403
43;331.9999999999999;92093403
26;280.08724218959287;66730980
38;331.9999999999999;92093403
33;258.4859406137423;92093403
27;281.12758062172503;66730980
22;233.83053444707036;66730980
19;328.0;66730980
12;328.0;66730980
43;281.40156928415047;74560663
49;322.8166389848882;74560663
46;322.58132503473047;74560663
40;281.2257333314501;74560663
168;312.11129458245864;54268626
171;332.0;54268626
167;284.9656215199741;54268626
173;332.0;54268626
162;285.3626673888427;54268626
170;312.0324479682457;54268626
76;301.4702344250849;63925006
77;301.76082329259646;63925006
75;254.74583529589745;63925006
74;254.4432847330716;63925006
85;322.29109437319056;68580911
71;217.54474910846062;68580911
81;217.6444038569614;68580911
86;322.11036498594893;68580911
110;294.95790413162797;1033834
115;282.0;1033834
114;282.0;1033834
107;295.1451748709878;1033834
112;339.8850156987645;1033834
113;340.2003946296372;1033834
177;286.9957977880165;45623468
182;286.53122497514596;45623468
180;286.4206577141254;45623468
174;286.78435378321865;45623468
183;334.0;45623468
184;334.0;45623468
82;337.77307560383633;6569542
37;326.0;29873358
84;337.93225203367786;6569542
22;315.9999999999999;29873358
45;334.6012027969163;23155755
47;334.47950659726087;23155755
29;322.450262827969;29873358
18;315.9999999999999;29873358
178;260.1502467016736;68806213
185;331.9999999999999;68806213
86;343.2492222528748;6569542
35;326.0;29873358
175;260.34991027255984;68806213
180;331.9999999999999;68806213
24;324.0;29873358
167;254.64945213741467;68806213
85;343.4299516401164;6569542
171;254.00063019715824;68806213
44;291.565164899299;65547268
39;208.16483020397337;65547268
42;190.52814080139672;65547268
48;303.51083548066185;65547268
100;318.6921993671273;11275955
179;283.4161859084291;69857846
173;268.74150797565346;69857846
170;298.0;69857846
177;268.7515327689494;69857846
31;339.401637945103;65547268
99;312.3385835758477;11275955
35;339.18344441755994;65547268
165;291.7466475100796;69857846
182;292.19487817599475;69857846
96;312.15785418860605;11275955
90;279.58476417130225;11275955
101;318.87726413844507;11275955
93;278.14702346133726;11275955
124;246.0;36385536
128;299.186379181417;36385536
129;299.1728769185949;36385536
125;246.0;36385536
68;318.638095237743;9210390
127;290.2465916680017;36385536
76;320.45844383498957;9210390
78;321.32065181733617;9210390
72;318.48760940450586;9210390
126;289.89114801890935;36385536
191;329.8967116505976;38719299
152;274.57065057070423;2364162
36;322.2437205507202;74560663
32;322.0564498113604;74560663
189;248.0;38719299
192;333.6499163513421;38719299
190;248.0;38719299
188;314.8342566609776;38719299
187;340.99634801326954;38719299
182;328.5008102494879;64526503
169;226.0;64526503
180;292.14773705473505;64526503
177;226.0;64526503
179;291.7918149733642;64526503
183;328.5008102494879;64526503
73;338.0;63925006
70;338.0;63925006
147;226.31585145185397;88110797
144;225.1708365650324;88110797
155;314.0;88110797
156;314.0;88110797
89;330.1920663754555;68580911
88;330.1920663754555;68580911
56;274.17870117172174;9210390
65;274.51095931848096;9210390
183;308.56647476775896;47500717
190;269.59992805601433;47500717
174;256.0;47500717
186;309.70871681927986;47500717
189;271.0340472517124;47500717
168;256.0;47500717
150;252.82293006311068;2364162
151;300.8886438478154;2364162
134;330.9988817727921;2364162
145;340.960987522681;2364162
146;328.62544644510905;2364162
95;228.8235063083566;64311109
102;288.23083606418606;64311109
101;272.1589503999711;64311109
98;239.868528854364;64311109
104;335.99999999999994;64311109
103;335.99999999999994;64311109
152;332.0161709958944;88110797
148;332.14220094131304;88110797
133;186.6155864169283;49339913
125;334.08975396447494;45503314
119;258.82966021579523;45503314
121;258.95374625200577;45503314
123;331.4686763223266;45503314
112;301.5397674590233;45503314
116;305.9866354736679;45503314
57;279.5209854519666;98853821
49;228.00000000000009;98853821
59;279.4393850828918;98853821
52;324.9974905184402;98853821
44;228.00000000000009;98853821
54;227.8730708560261;98853821
146;198.92004973717292;61601933
147;198.76048081065397;61601933
148;281.4161859084291;61601933
142;296.0;61601933
131;312.9207876284547;49339913
129;289.53449234054256;49339913
139;276.1316583084933;61601933
132;280.4090924224503;49339913
149;265.8854656074777;61601933
130;214.93291491622932;49339913
117;279.7262037107479;49339913
191;305.2929241369643;63595219
192;330.0;63595219
190;239.4058133716262;63595219
189;297.73175515492727;63595219
185;245.3582840122792;63595219
188;320.6593979298335;63595219
172;319.18247820195967;73793835
164;228.60384386750553;73793835
176;250.72656566500243;73793835
161;273.5714203243016;73793835
169;328.4653643643244;73793835
166;303.72623224000245;73793835
28;296.9389031772904;7499262
24;328.66152675606077;7499262
13;233.52416805746861;7499262
25;297.06355605256744;7499262
20;233.24941318759056;7499262
21;335.03352333492677;7499262
41;330.0;40842261
40;312.4686270206843;40842261
38;314.44737173321124;40842261
39;336.81854823216156;40842261
37;293.3124604380713;40842261
31;251.69060771019016;40842261
10;245.52450436193251;40173450
13;249.16472238707024;40173450
32;319.4911715101145;40173450
27;334.0;40173450
21;314.0173150795694;40173450
17;300.6026646695344;40173450
109;278.24843855885285;52745861
106;317.4680333936199;52745861
114;206.3118072058941;52745861
122;296.96625766378975;52745861
120;296.43325632710105;52745861
118;234.39895473075288;52745861
133;239.53453593758508;18364202
136;283.28221798983884;18364202
134;334.7918178181307;18364202
135;334.5243908717805;18364202
126;238.23496935369772;18364202
138;308.24317974632913;18364202
73;226.78435378321865;28008643
71;226.9957977880165;28008643
76;295.8105959594029;28008643
77;295.87965893303345;28008643
75;276.74914370947727;28008643
102;311.39161544058544;41854176
74;276.90650321952;28008643
101;336.0;41854176
105;316.258253817202;41854176
96;286.5080949714582;41854176
104;316.258253817202;41854176
103;313.74619184788105;41854176
150;255.64327977328884;64359811
153;255.84347615516154;64359811
156;296.0;64359811
147;259.91767562644884;64359811
155;296.0;64359811
135;259.83072572183494;64359811
184;282.2842389821609;89184652
180;310.0;89184652
176;310.0;89184652
183;282.3973597846958;89184652
158;334.0;93807812
152;306.74763970387517;93807812
157;334.0;93807812
149;226.78435378321865;93807812
154;306.86208690162755;93807812
136;226.9957977880165;93807812
129;310.0;66953831
128;310.873755468421;66953831
124;244.0;66953831
114;244.0;66953831
126;342.50849506634626;66953831
127;334.9006095543731;66953831
182;344.48652943512775;89184652
181;344.5094261395499;89184652
45;334.67132504145525;33923770
44;335.12490353901154;33923770
187;306.5302446126411;65147671
191;296.0;65147671
188;252.83265255475237;65147671
192;279.50882938960814;65147671
189;294.32289432905134;65147671
35;301.0461662427088;98300247
23;191.4797746008203;98300247
29;192.12606749409446;98300247
190;318.28042251933215;65147671
38;300.7853763043985;98300247
33;328.00068122057894;98300247
32;329.52243254032214;98300247
53;276.6245718272501;1829021
55;232.23928777972944;1829021
48;276.66846109579;1829021
57;230.92249187061918;1829021
59;330.8745590632933;1829021
60;331.9999999999999;1829021
31;304.7655976142838;35650340
34;302.15785418860605;35650340
37;321.25537951544584;35650340
22;326.0;35650340
30;327.25462755811145;35650340
36;322.1286619973582;35650340
49;209.62773843480693;6562052
61;324.0;6562052
54;209.457431780898;6562052
62;324.0;6562052
56;321.705824485993;6562052
58;321.3856503831893;6562052
87;326.7864497128835;47054116
86;296.12667052962865;47054116
84;172.0;47054116
82;244.57899958355557;47054116
85;257.76296843530804;47054116
88;330.0;47054116
41;262.6515377022052;33923770
43;340.2033129000419;33923770
24;262.5444928095532;33923770
42;339.39127048744547;33923770
171;337.5734940147993;98039495
151;240.54988744228103;98039495
168;262.0;98039495
170;238.8172842456997;98039495
169;276.27424445753127;98039495
172;344.0;98039495
121;330.7038203808223;98379483
111;315.62878676328774;98379483
115;216.8294705826993;98379483
120;324.71999239972575;98379483
122;341.039114157507;98379483
118;249.71726276031922;98379483
