55;6027.0095672429725;92028203;[IR]
88;5889.973020509019;80506414;[IR]
39;10376.849392751681;45502490;[IR]
32;8845.66591919382;45502490;[IR]
84;13659.284300723368;64220480;[IR]
83;7911.632267067659;64220480;[IR]
43;10660.343912444076;45502490;[IR]
81;8310.96399995121;64220480;[IR]
57;7863.171253787107;39747835;[IR]
52;9589.74876039632;39747835;[IR]
56;11792.511453092233;39747835;[IR]
42;10163.52427331537;35804676;[IR]
38;10253.20273077365;35804676;[IR]
31;9465.038873210045;35804676;[IR]
41;11169.731928756633;20320907;[IR]
33;11057.809359186915;20320907;[IR]
37;7649.17051852259;20320907;[IR]
75;12586.019181747975;4881448;[IR]
79;8116.499984178682;4881448;[IR]
80;9179.15707357918;4881448;[IR]
54;11248.351244308278;92028203;[IR]
86;10923.305428097192;80506414;[IR]
87;13074.536709824022;80506414;[IR]
50;12601.926020176836;92028203;[IR]
68;6366.282293557226;11968586;[IR]
64;12150.965536611993;11968586;[IR]
36;8634.909524373492;43075236;[IR]
70;11355.630968179506;11968586;[IR]
30;7507.176067439858;43075236;[IR]
40;13739.353089348997;43075236;[IR]
34;9761.132123184936;66474381;[IR]
51;11826.532710253423;66474381;[IR]
52;8289.688463573446;66474381;[IR]
72;11036.168712693272;49814330;[IR]
49;9872.547138639526;39237843;[IR]
69;7331.138922583576;49814330;[IR]
57;11838.124826787536;39237843;[IR]
81;9580.161037178612;92874827;[IR]
74;10111.70666081294;49814330;[IR]
55;8170.247380195113;39237843;[IR]
77;9375.466945117318;92874827;[IR]
80;10919.640450961098;92874827;[IR]
56;10078.84196066755;29280212;[IR]
54;6569.208993286041;29280212;[IR]
46;13234.522582465388;29280212;[IR]
40;10878.057714651864;40772444;[IR]
44;8210.258138834859;40772444;[IR]
33;10791.371405421032;40772444;[IR]
31;10114.5914380917;22377895;[IR]
37;9464.014883513717;22377895;[IR]
36;9626.690753869232;22377895;[IR]
30;9270.615917613683;8463122;[IR]
45;11172.625052001009;8463122;[IR]
41;7661.097517184213;8463122;[IR]
86;8040.173303005704;65105773;[IR]
87;8753.812480383805;65105773;[IR]
88;13090.258056496816;65105773;[IR]
83;6300.688080977945;70685079;[IR]
82;11065.835468455658;70685079;[IR]
78;12518.34715553837;70685079;[IR]
91;7227.382748824015;89495799;[IR]
86;11231.554876540873;89495799;[IR]
89;11419.0995677832;89495799;[IR]
56;8586.558746219634;86417238;[IR]
67;11246.556531172899;86417238;[IR]
70;10051.91558298671;86417238;[IR]
69;10430.226697844593;62029681;[IR]
26;10464.773805084518;20547940;[IR]
67;8729.441637476448;62029681;[IR]
73;9704.571501836728;36972288;[IR]
21;10391.513453079955;20547940;[IR]
15;9024.309308176453;20547940;[IR]
62;10717.799746717268;62029681;[IR]
64;9030.42090971122;36972288;[IR]
71;11143.419328952397;36972288;[IR]
60;8179.768268917087;31249516;[IR]
83;9100.63200535085;56261947;[IR]
81;9552.4650765613;9506273;[IR]
78;10215.062600186444;9506273;[IR]
80;8260.631228390606;56261947;[IR]
54;8693.081239138508;31249516;[IR]
84;12520.89739405886;56261947;[IR]
74;10118.69980082717;9506273;[IR]
64;11607.54953982535;31249516;[IR]
95;11403.511763491135;57461542;[IR]
94;10139.292703450126;57461542;[IR]
44;5216.64555389785;63800285;[IR]
96;8343.267859442925;57461542;[IR]
44;10792.666264437927;37143706;[IR]
88;8981.876103838487;15084922;[IR]
20;9363.57152524098;65477980;[IR]
34;10354.782254102118;48829471;[IR]
37;6800.1048093099635;37143706;[IR]
31;7251.911500955848;65477980;[IR]
41;12159.709242889849;63800285;[IR]
40;7749.361664944779;48829471;[IR]
85;8996.967073700589;15084922;[IR]
41;12289.895612203401;37143706;[IR]
28;11392.925338788422;63800285;[IR]
37;11775.224314576128;48829471;[IR]
32;13268.75227074211;65477980;[IR]
87;11905.254763508858;15084922;[IR]
17;10302.320341560237;87799224;[IR]
25;12899.237529249116;87799224;[IR]
49;8118.8001929492475;1668557;[IR]
27;6679.741747630948;87799224;[IR]
46;7044.721888283833;1668557;[IR]
50;14714.761640340223;1668557;[IR]
24;10467.724451507918;47008933;[IR]
18;10225.04143865632;47008933;[IR]
49;11875.122313131038;95470417;[IR]
43;8974.53239838358;95470417;[IR]
26;8137.376906610687;47008933;[IR]
22;8493.080482906076;64761643;[IR]
73;8854.141756806785;75286151;[IR]
17;12166.251921593508;64761643;[IR]
68;8936.235945856883;75286151;[IR]
24;9218.407306385565;64761643;[IR]
52;9029.6615161302;95470417;[IR]
77;12091.522728265063;75286151;[IR]
64;9253.653672461092;31767375;[IR]
59;7966.580289720734;31767375;[IR]
40;11854.22223516804;31767375;[IR]
82;10511.050704161897;24340346;[IR]
79;11060.825561648044;24340346;[IR]
85;8301.50250835967;24340346;[IR]
36;6382.409293276832;31291942;[IR]
35;11290.995741713372;57728585;[IR]
67;7696.067825842043;89502059;[IR]
43;11551.386067205865;57702586;[IR]
81;10363.952320288017;52962550;[IR]
37;8365.645524631407;57702586;[IR]
66;9770.027341344401;89502059;[IR]
46;10617.556937368701;31291942;[IR]
78;9706.597636397939;52962550;[IR]
53;12417.496875690373;89502059;[IR]
41;6811.147241434566;57728585;[IR]
83;9811.815712401405;52962550;[IR]
42;12881.61854141931;31291942;[IR]
48;9964.285998391173;57702586;[IR]
38;11006.694199414604;87707359;[IR]
45;10793.6915763086;57728585;[IR]
47;9279.827378505788;87707359;[IR]
44;9593.155542919712;87707359;[IR]
87;7580.327945371282;21103264;[IR]
55;8269.35767738368;2847374;[IR]
88;9289.82558163909;21103264;[IR]
60;10529.623897072466;2847374;[IR]
80;11812.227326372973;21103264;[IR]
61;11075.112937543176;2847374;[IR]
95;9223.899398354959;41709854;[IR]
97;9830.970535790715;41709854;[IR]
93;10822.05915055407;41709854;[IR]
51;6108.223585633306;76226052;[IR]
49;10935.873602270885;74459434;[IR]
50;9208.109438579962;74459434;[IR]
42;9738.96245481277;74459434;[IR]
74;7771.4565600674405;5511565;[IR]
68;12453.026427544983;5511565;[IR]
70;9656.838809611843;5511565;[IR]
59;11024.273161145022;76226052;[IR]
56;12751.090847831463;76226052;[IR]
92;9694.734175005733;48474755;[IR]
91;9682.57564423877;48474755;[IR]
88;9345.083641648138;48474755;[IR]
25;10840.006358058234;49899711;[IR]
14;8182.485401792433;49899711;[IR]
20;9825.554306873393;49899711;[IR]
39;6305.019953695048;13582150;[IR]
41;13212.429774884182;13582150;[IR]
32;10363.710371854493;13582150;[IR]
49;6786.843354977361;41481579;[IR]
46;9832.217605182595;41481579;[IR]
43;13264.190974576984;41481579;[IR]
69;7487.595732185099;67915965;[IR]
79;10593.656536039492;67915965;[IR]
81;11794.862085759483;67915965;[IR]
86;12615.00870672537;83967347;[IR]
91;10491.547588014546;83967347;[IR]
92;6776.378332225901;83967347;[IR]
63;8030.1196242980905;54725016;[IR]
68;9880.76611315648;54725016;[IR]
66;11971.09917894131;54725016;[IR]
31;11388.233716669194;66091954;[IR]
32;10165.653741529712;66091954;[IR]
24;8323.212531279456;66091954;[IR]
66;10401.11133134053;98577545;[IR]
69;6206.315352176089;98577545;[IR]
59;8405.539727000745;72356307;[IR]
53;8388.177327867514;72356307;[IR]
58;13088.54781984596;72356307;[IR]
64;13274.47620974489;98577545;[IR]
44;10851.104667259317;4979381;[IR]
40;8073.910637189117;4979381;[IR]
39;10954.910457372398;4979381;[IR]
15;8825.145944368467;59023212;[IR]
19;7643.930064906793;59023212;[IR]
21;12107.088424793072;59023212;[IR]
35;7999.900591892204;1273693;[IR]
25;9192.977985371093;1273693;[IR]
30;12682.337573221124;1273693;[IR]
95;7499.480909016776;98494867;[IR]
94;10913.696160013893;98494867;[IR]
20;11464.93724120277;64750030;[IR]
13;7695.722332905294;64750030;[IR]
17;10722.534473374895;64750030;[IR]
14;7560.66732656044;16241769;[IR]
15;9440.803666638896;16241769;[IR]
97;11469.88647573369;98494867;[IR]
11;12879.003225435;16241769;[IR]
36;12471.343954638452;31879396;[IR]
44;7010.210828046036;31879396;[IR]
40;9516.93989254698;31879396;[IR]
41;8703.511062708634;43030239;[IR]
48;9031.80947181149;43030239;[IR]
50;12147.917925391006;43030239;[IR]
25;6337.855112964862;39572194;[IR]
16;13405.961217809647;39572194;[IR]
19;10136.839210585547;39572194;[IR]
87;8989.707531739945;92835333;[IR]
93;9745.806324317446;92835333;[IR]
96;11147.767816174755;92835333;[IR]
73;11410.699997042288;44077840;[IR]
79;10031.622821486077;44077840;[IR]
76;8435.037739833802;44077840;[IR]
17;11960.169568150297;79821256;[IR]
24;7176.371263061632;79821256;[IR]
31;9125.296703084417;91630245;[IR]
20;10743.370614381141;79821256;[IR]
54;9291.333109341871;10572347;[IR]
58;7180.893726872002;10572347;[IR]
68;8936.98393683119;88833866;[IR]
59;7417.099820437768;88833866;[IR]
80;7234.32657088481;74107465;[IR]
61;13411.134415388797;10572347;[IR]
83;9873.926327994477;74107465;[IR]
23;7603.59030236431;91630245;[IR]
32;13153.778810958738;91630245;[IR]
67;13524.46059602635;88833866;[IR]
86;12775.339188571204;74107465;[IR]
27;9380.728103702197;91537845;[IR]
22;7705.92314887619;91537845;[IR]
30;12795.68376627151;91537845;[IR]
24;11053.074347757083;31065058;[IR]
36;8785.42426598514;31065058;[IR]
37;8665.135388828106;31065058;[IR]
25;9350.200394359645;57584146;[IR]
38;8393.682876311013;57584146;[IR]
40;12131.662955766356;57584146;[IR]
83;11086.999729360192;94018465;[IR]
82;10946.229392243176;94018465;[IR]
64;10796.958687662916;61790931;[IR]
63;8776.777859246151;61790931;[IR]
84;7843.997082123262;94018465;[IR]
60;9292.428366853157;61790931;[IR]
86;9241.223018203442;51424154;[IR]
88;8213.549336729759;51424154;[IR]
66;10582.384856830136;23206468;[IR]
75;9045.029834762849;23206468;[IR]
87;12430.979266017584;51424154;[IR]
74;9569.622811110927;23206468;[IR]
21;9304.80768673828;73437323;[IR]
48;8485.603303629628;62037704;[IR]
46;12181.423840877034;62037704;[IR]
28;8298.30472247992;73437323;[IR]
50;8443.233312627997;62037704;[IR]
31;12277.130435036703;73437323;[IR]
95;10871.33779566431;84082816;[IR]
97;8181.748912223085;84082816;[IR]
94;10826.787893984529;84082816;[IR]
26;9078.563349000826;99969113;[IR]
20;8298.205368447492;99969113;[IR]
29;12500.95428250072;99969113;[IR]
59;9791.787390099367;9270338;[IR]
73;9060.869770955647;22409036;[IR]
55;10530.45293688783;9270338;[IR]
74;10359.560801596057;22409036;[IR]
52;9560.026662803873;9270338;[IR]
65;10456.27110188203;22409036;[IR]
36;6133.966173516923;68359584;[IR]
24;8997.198961036072;72134121;[IR]
15;11545.770126166753;72134121;[IR]
23;9342.974838623017;72134121;[IR]
30;10194.230100698986;18454596;[IR]
28;9604.21047986353;18454596;[IR]
46;11204.714320105553;86494425;[IR]
71;12299.107334877148;99569645;[IR]
17;10086.799276181357;18454596;[IR]
48;9689.894252818793;86494425;[IR]
49;8981.5800328075;86494425;[IR]
60;8173.6493361145285;99569645;[IR]
70;9404.761182593149;99569645;[IR]
50;8915.448054286564;9230540;[IR]
41;9176.478161069435;9230540;[IR]
47;11791.425393107755;9230540;[IR]
25;9860.856879709669;87208800;[IR]
17;11864.734370677641;87208800;[IR]
22;8153.983123374313;87208800;[IR]
79;8062.871938567578;93968677;[IR]
91;9055.055582157807;30613547;[IR]
81;11645.766223420327;69523090;[IR]
84;10223.51230335653;93968677;[IR]
90;11704.802205610506;30613547;[IR]
77;8017.461987233683;69523090;[IR]
80;10213.79405360821;69523090;[IR]
40;7563.661076825142;2857175;[IR]
42;9603.398478006071;2857175;[IR]
87;9123.507659374149;30613547;[IR]
82;11592.487858457655;93968677;[IR]
37;12706.22254871938;2857175;[IR]
19;8585.857948362087;71152983;[IR]
34;11459.343322636343;71152983;[IR]
35;8934.007949436385;71152983;[IR]
83;7231.603089095799;36035115;[IR]
78;9640.452091297146;36035115;[IR]
84;13002.186323562011;36035115;[IR]
96;8853.574145727789;30406976;[IR]
95;7542.792354921957;30406976;[IR]
41;8437.342886797316;68359584;[IR]
97;13487.440269871408;30406976;[IR]
39;14188.805012147566;68359584;[IR]
24;6458.057304334598;45265351;[IR]
16;9237.699795386825;45265351;[IR]
20;13548.213494642097;45265351;[IR]
66;7453.523608606227;60864265;[IR]
64;11688.38731335223;60864265;[IR]
61;10738.236878251766;60864265;[IR]
