272;508.0820058259914;2131.6175897617327
274;136.1471420116947;2131.6175897617327
1032;336.3462602358263;1820.9512034835918
269;723.6617829671767;2131.6175897617327
913;424.21120935824507;1915.3182591313825
1178;367.1766238466342;1571.3837752506013
213;211.99411253975842;1976.7328108152476
692;409.18204843655184;2043.359884389512
283;481.9011778700954;2039.4405376170498
212;256.59294548435116;1976.7328108152476
279;364.3489571933395;2039.4405376170498
717;417.03328890034663;1551.8237791421075
205;600.3038114355224;1976.7328108152476
111;304.57710461359034;1876.3529347698368
482;296.13484770035365;1757.5243761855163
535;527.2571660521314;2494.6592010511354
910;626.4111130172342;1915.3182591313825
687;368.70386088704856;2043.359884389512
1060;476.61001326273447;1755.9354072405936
275;721.3552807458318;2039.4405376170498
225;283.6429791582498;2170.7807091897153
153;161.5950852869176;1334.370575780764
151;272.57156912461187;1334.370575780764
1045;357.47365277417686;1951.3629820439137
664;305.71988209158343;1922.2470479927115
1272;407.85693222146347;1496.7785054217409
1083;346.09582978258294;1788.958088813203
1056;478.6146060659255;1755.9354072405936
245;213.02583777763033;1862.4261666284015
1047;329.99731863054274;1951.3629820439137
84;325.32988834080686;2043.0676274506907
1103;514.5566789824222;1898.2675327749753
247;384.30697893331376;1862.4261666284015
1139;205.2363061502702;1736.4369980247322
228;365.8250592996665;2170.7807091897153
145;648.9879891909989;1334.370575780764
163;399.5655265349558;2284.154205796048
1087;486.2015127349637;1788.958088813203
164;351.4852070556859;2284.154205796048
208;369.4514643040418;2331.8386126828714
681;782.1576459541169;2043.359884389512
1101;408.3949064099759;1898.2675327749753
843;356.75625638214353;1815.9400364602404
903;565.8687932444002;1915.3182591313825
462;278.134707799741;2163.1998574076847
994;465.42808640644387;2263.6577841443122
942;280.3452506348522;1725.3635475600229
85;316.82850469256675;2043.0676274506907
940;492.26475900673347;1725.3635475600229
560;254.27526825030566;1826.931147705846
369;187.88309763058402;2052.479787931408
373;349.4020858430729;2052.479787931408
559;380.8974026846852;1826.931147705846
883;194.56361241673667;2080.2728679423935
313;394.97045889025856;1720.487382824072
819;185.77920417384837;1908.7087871095503
1097;595.8735234610109;1898.2675327749753
826;548.3698157122917;1908.7087871095503
312;307.5678808103234;1720.487382824072
552;290.16411738743255;2322.465878538531
551;504.7743660415592;2322.465878538531
938;315.07555536242063;1726.620354349855
1073;501.637351150857;1788.958088813203
1199;427.5549502685253;1836.3856627834364
762;476.35231975865605;2065.2491854284276
1036;786.1179503180126;1951.3629820439137
220;1136.442488446962;2170.7807091897153
744;410.11094762825064;1753.8146606505743
887;322.40481430621685;2080.2728679423935
800;378.3268081235717;2235.56237870498
433;334.60611474396944;1321.8324270415596
461;734.3747941902029;2163.1998574076847
853;497.1112473228063;2450.3498199436845
159;1052.6565738368965;2284.154205796048
933;765.2766551443685;1725.3635475600229
1205;444.9574060683469;1759.1727401670632
82;703.6079739249049;2043.0676274506907
798;177.47916303838147;2235.56237870498
658;456.1291486996457;2053.1360206303066
207;461.7809665609831;2331.8386126828714
1277;518.2243350862877;2429.450103484879
240;821.82281848432;1862.4261666284015
675;387.64224431763733;1670.1587841285518
813;693.3836280378662;1908.7087871095503
308;716.7026927608072;1720.487382824072
321;512.4177735610556;2231.0800079505766
854;464.49059639706275;2450.3498199436845
62;456.6754475770809;1823.0155733754843
102;583.0457276171652;1927.9721594969287
545;1031.974374401713;2322.465878538531
100;363.7750482622542;1927.9721594969287
591;300.2673403314595;2067.9292579214934
298;495.0349361519091;2357.204966203519
367;906.264279763253;2052.479787931408
60;263.319617346908;1823.0155733754843
1049;786.9435487513855;1755.9354072405936
1264;377.9599643215854;1821.4464071882603
924;352.1351604513637;2204.0881765878557
895;225.37624116561605;1938.9681957864836
790;1019.9506326931166;2235.56237870498
1276;336.0155802159218;2429.450103484879
593;341.4893914789013;2067.9292579214934
1148;488.21257177805654;2302.496149812956
556;870.005499662262;1826.931147705846
876;991.3802971394881;2080.2728679423935
37;544.7910570212764;1858.7886951161722
403;248.44706478430524;2121.2441794423667
710;215.7687230501343;1558.1089953946987
973;177.32035499824747;1611.862755785256
457;880.6331145895189;2163.1998574076847
55;675.4693822793432;1823.0155733754843
381;477.77468779931496;1812.3061665581529
117;261.72371578360196;1531.7126793164152
33;271.9220839956359;1824.504744764149
293;481.0647304455499;1871.1339727258965
94;524.5166723625488;1927.9721594969287
845;1145.865108120871;2450.3498199436845
620;250.18812252342622;1892.2469508379847
1151;480.15580698259714;2302.496149812956
35;408.8347714771221;1858.7886951161722
644;268.40165074467507;2245.672770664793
201;1117.5044171124648;2331.8386126828714
306;689.2230969706441;2357.204966203519
101;318.5875920758066;1728.3453640007492
36;432.65436298746243;1824.504744764149
642;315.7086542147914;2245.672770664793
48;284.6672100173333;1604.6484316963881
1099;269.1908410595835;1928.2322733920237
104;344.45793254597874;1728.3453640007492
573;248.777479331936;1720.1835970691245
304;453.8622879507804;2357.204966203519
116;328.8821857025974;1531.7126793164152
738;369.2732805055896;2064.128648967442
1079;327.4318854989288;2127.670127706643
253;315.2407195884651;2261.7754406709155
261;366.70907776996654;2158.483435945553
633;312.125044478573;1511.2455084574694
1080;110.34273316953593;2127.670127706643
192;343.30965776094445;1952.9608694300005
262;380.1398274319114;2158.483435945553
634;169.29309416946458;1511.2455084574694
544;472.217625871476;1784.1296955095625
492;450.12099405874915;1882.0768466558045
257;365.78042528771266;2261.7754406709155
27;586.2324666491407;1824.504744764149
114;569.9547610325659;1531.7126793164152
75;305.0789769253744;1868.0737107887073
25;542.230794261453;1858.7886951161722
254;1093.8775512965733;2158.483435945553
93;654.1663231543059;1728.3453640007492
26;355.4680119575621;1634.9603642731734
193;364.6740625113491;1952.9608694300005
1143;638.4714962573466;2302.496149812956
336;389.9512966543877;1792.4100586291324
251;819.5499801591457;2261.7754406709155
635;876.6142010038857;2245.672770664793
112;608.7263736002959;1876.3529347698368
1274;821.3469171894279;2429.450103484879
1144;347.28491654838626;2032.3787579851537
586;821.1193605428633;2067.9292579214934
613;304.75546818690316;1841.5966246764779
997;267.7725342212115;1620.0586397234295
487;217.3638772299144;1882.0768466558045
333;373.45865325296234;1792.4100586291324
837;448.93529599906213;1879.513215167042
911;477.15571725068594;2183.2463583526564
1123;299.02380168341847;1979.0809030214823
351;220.72128357397133;1920.017592420095
76;434.27172810878676;1868.0737107887073
67;270.2521249047375;1806.0672081851199
1004;186.8572096419287;1620.0586397234295
189;539.4749811416149;1952.9608694300005
1043;324.69766951071733;1782.6355902843313
617;529.2658873743967;1841.5966246764779
589;474.3763843061395;1442.439212488909
40;504.3638919331331;1634.9603642731734
1147;320.5317520502707;2032.3787579851537
453;409.7196403356996;1960.5033741865464
625;661.044790451065;1511.2455084574694
1072;954.9420677405323;2127.670127706643
1253;239.40727973558364;1730.5964723581083
752;418.15578111747107;2167.8544693089066
908;426.10502851372706;2183.2463583526564
1029;489.43152023816816;1820.9512034835918
108;325.7385393374132;1876.3529347698368
184;185.1474366189218;1945.657604506238
751;518.6183457547236;2167.8544693089066
1005;378.3739330429892;1496.8898858214357
484;689.3962318811753;1882.0768466558045
988;558.4927411204972;1620.0586397234295
472;415.3442317115886;1907.5158185131809
1168;402.85283247396126;2093.8494238862177
607;596.6976794978136;1841.5966246764779
745;714.6732528907561;2167.8544693089066
1174;342.2294496512943;1749.3020654650995
1025;909.4500385087417;1820.9512034835918
788;376.0675493540865;1820.203670192515
328;858.4633877225888;1792.4100586291324
802;206.80588448780807;1792.109172993952
73;574.2005323622169;1868.0737107887073
532;707.6328214192138;2494.6592010511354
1133;918.3477548304459;2032.3787579851537
716;338.0051968659732;1756.667925954945
398;532.8073388151689;2121.2441794423667
476;708.0608729355761;1757.5243761855163
894;717.4464018173284;2183.2463583526564
782;269.68515060751616;1820.203670192515
1177;419.5340427187888;1571.3837752506013
43;755.2090257032904;1634.9603642731734
528;575.2827236650608;1772.8293091741946
404;450.33266431756977;2121.2441794423667
526;1086.5560656381572;2494.6592010511354
774;383.1263693954967;2096.8167358924106
1173;460.8369730083534;1571.3837752506013
663;564.241997935775;1922.2470479927115
480;753.3286555495868;1757.5243761855163
773;466.4201158140615;2096.8167358924106
515;316.0976078831794;2196.080168286968
1011;489.42859327815586;2017.5159258078365
654;791.2684517058078;1922.2470479927115
506;360.7806495914448;2075.177855172356
362;354.21062722838934;1758.7588509380107
756;832.8900369178185;2065.2491854284276
318;544.2445790256492;2231.0800079505766
1164;641.2958507797529;1749.3020654650995
503;339.886163525196;2075.177855172356
766;752.5045424922719;2096.8167358924106
960;296.4289496341727;1626.5604130394038
775;736.1660570438881;1820.203670192515
759;483.99365053028714;2065.2491854284276
697;421.77925637001715;2044.0547861673142
1172;445.08179404612645;1749.3020654650995
496;913.3702086096048;2075.177855172356
314;981.5925363217691;2231.0800079505766
841;262.1073455307472;1815.9400364602404
378;549.8086738908183;1812.3061665581529
170;313.0998130264419;1959.716495421159
392;450.48094922565576;1688.1374858856377
656;565.500416739967;2053.1360206303066
1138;404.3042218779611;1736.4369980247322
614;956.0533396100835;1892.2469508379847
171;388.6216700656701;1959.716495421159
391;154.73527816657707;1688.1374858856377
991;497.8790782819886;2263.6577841443122
427;354.92892422206506;1321.8324270415596
833;887.9512404030881;1815.9400364602404
647;598.0359983621227;2053.1360206303066
346;263.6712813359403;1702.7932368185511
986;910.5477412750629;2263.6577841443122
1136;765.1212682572971;1736.4369980247322
386;329.0687307087064;1688.1374858856377
376;477.94967247415633;1812.3061665581529
619;686.0054887044754;1892.2469508379847
701;453.19406463756036;1558.1089953946987
1271;316.7729133549568;1496.7785054217409
167;718.0136367173519;1959.716495421159
970;390.4391833063223;1611.862755785256
1267;608.962123358309;1496.7785054217409
1122;983.9390289456056;1979.0809030214823
966;626.7719638124086;1611.862755785256
958;425.74379520397497;1626.5604130394038
893;367.49474194391223;1938.9681957864836
714;883.177713875579;1558.1089953946987
1254;776.7543253516565;1821.4464071882603
708;627.3621648517693;1551.8237791421075
1113;696.1180723924587;1979.0809030214823
912;855.9045090175894;2204.0881765878557
715;482.1815873588419;1551.8237791421075
673;240.14099124435282;1670.1587841285518
568;547.1192695909973;1720.1835970691245
451;380.1282528122988;1960.5033741865464
954;557.687210498362;1626.5604130394038
1202;776.3990912831486;1759.1727401670632
1263;666.7321175150187;1821.4464071882603
728;789.3189553995503;2064.128648967442
571;448.4083567613441;1720.1835970691245
236;437.2462646366728;1911.9480899151192
839;455.6366989952734;1879.513215167042
667;798.0421272041502;1670.1587841285518
921;996.0485071189028;2204.0881765878557
1081;698.6091379838522;1928.2322733920237
447;758.516312683949;1960.5033741865464
739;905.5364130623028;2064.128648967442
588;342.6865694682819;1442.439212488909
829;585.3129365521835;1879.513215167042
470;372.12457511383104;1907.5158185131809
1093;546.2560043791724;1928.2322733920237
1247;525.1904922010503;1730.5964723581083
187;398.3415161515899;1945.657604506238
1258;529.3932789665324;1730.5964723581083
999;314.6882580879137;1496.8898858214357
805;479.708227556461;1792.109172993952
584;357.3887816938288;1442.439212488909
466;955.2574148278256;1907.5158185131809
929;853.6922794783122;1726.620354349855
1038;322.0513653147989;1782.6355902843313
989;469.1196486462063;1496.8898858214357
180;852.0553318368438;1945.657604506238
796;537.5221755563276;1792.109172993952
1163;394.77191423402536;2093.8494238862177
1028;756.8214129216137;1782.6355902843313
937;557.8525195091217;1726.620354349855
66;519.3431120526079;1806.0672081851199
523;391.1217623263763;1772.8293091741946
513;705.8329072735681;2196.080168286968
1000;804.9117319170427;2017.5159258078365
722;521.216492646186;1756.667925954945
64;608.3045751481686;1806.0672081851199
514;547.2508313000941;1772.8293091741946
1008;723.1756006126373;2017.5159258078365
1195;561.4686982165747;1836.3856627834364
1160;964.4244251787856;2093.8494238862177
504;1034.0555414629716;2196.080168286968
540;514.6663784318365;1784.1296955095625
709;566.2270640615899;1756.667925954945
345;1119.631601266647;1920.017592420095
1191;847.3620142983362;1836.3856627834364
342;363.7176478816;1702.7932368185511
533;669.0891762075181;1784.1296955095625
286;886.5679160793454;1871.1339727258965
349;579.6647075794764;1920.017592420095
733;614.7681418778759;1753.8146606505743
695;460.4038417910037;2044.0547861673142
337;834.3425320909366;1702.7932368185511
226;691.2696552235792;1911.9480899151192
46;441.6635692284573;1604.6484316963881
354;754.3849016132325;1758.7588509380107
238;783.4321700548672;1911.9480899151192
357;650.163322096389;1758.7588509380107
41;800.2822115917579;1604.6484316963881
291;503.5013262010013;1871.1339727258965
741;728.935571144448;1753.8146606505743
686;803.1366400232985;2044.0547861673142
440;458.7404762036904;1676.1323352252994
442;447.0093281742627;1676.1323352252994
437;550.834348379522;1676.1323352252994
924;476.1026483715049;1752.0226343920015
862;175.7217473611651;1875.8581906218446
1265;300.3958974328319;1694.8070009375604
144;260.03439681702935;1618.2292029834293
863;159.31300206264547;1875.8581906218446
912;532.4145841376347;1672.6271253559698
799;262.99021939400416;2508.62601056313
923;568.4506267991824;1752.0226343920015
125;501.2917529709117;2037.4955255562918
887;465.78780588014604;1830.3346572549747
800;426.1011982987501;2508.62601056313
124;344.6147837051992;2037.4955255562918
618;410.5714298328385;1422.5030365030425
1263;405.4569841665914;1564.1772111250218
888;374.5659946160715;1830.3346572549747
986;412.08845982683215;1716.7172785930736
981;451.17554461566215;2448.3075915957415
403;620.6024011218627;2444.2322743972495
651;294.3389433891999;1798.8190562944612
790;1177.9322155872776;2508.62601056313
806;424.38143642851537;1789.2320223673557
978;526.2884832790596;2448.3075915957415
402;430.08639287088783;2444.2322743972495
90;256.22796798281934;1855.5077909117224
882;607.6897615744161;1830.3346572549747
856;751.7140936013527;1875.8581906218446
1015;403.8201716596884;1899.3002759202104
807;335.071175386746;1789.2320223673557
917;333.218540075861;1752.0226343920015
823;357.2147780184321;2034.6317001157681
564;541.941515690594;2103.56323436508
396;693.2299958028117;2444.2322743972495
686;485.1542384492513;1524.4214436492468
1014;384.6560582219639;1899.3002759202104
119;779.087298190648;2037.4955255562918
814;469.7379767274564;1780.4885487228057
969;731.671873260909;2448.3075915957415
80;299.898296810508;1487.808017109765
384;237.5217817560871;2170.1165772006407
821;350.70873077294254;2034.6317001157681
1004;500.835368839847;1953.0085181807597
833;509.2411655882887;2576.1225402630816
67;243.42671351542648;1619.564947454081
743;307.1170322512855;1756.4236483657046
1167;170.96823201692098;2265.921248285048
840;338.36447210209894;2278.851856993814
1273;389.4303686789848;2123.5196182097106
48;338.96463930005586;1753.0549626443587
679;394.2937990008811;1524.4214436492468
813;412.142037023459;1780.4885487228057
394;427.5147286765192;1722.1505814197048
798;657.3052059301181;1789.2320223673557
553;381.5836996323475;1795.4477977730455
1164;225.29216435856478;1769.254635999849
1183;333.0530942616846;2061.043409547084
113;364.7911346100389;1905.0253121192986
321;378.4099727428499;1752.0062263133377
984;328.4469750560794;1655.8943484904144
1125;486.68482240739;1730.2235008395767
880;529.2989974432638;2219.3916718810797
957;165.4401591665475;1656.8132789185202
476;403.83944871152926;1744.068094239025
46;91.50312313664885;1753.0549626443587
1010;933.0611968042024;1899.3002759202104
1088;311.6837222230706;2091.456093998488
284;263.76313838333886;1929.7914424944154
842;364.84744770185745;2278.851856993814
591;325.7626947057012;2439.1464554726435
703;191.965050567912;2341.9936038029623
592;362.9631886990493;2439.1464554726435
63;377.4246585797763;2307.911646278003
747;192.4982395088948;1756.4236483657046
1170;468.36513984387113;2265.921248285048
878;169.9902309626012;2219.3916718810797
1182;456.32246591462194;2061.043409547084
831;358.2256738266421;2576.1225402630816
203;122.03087375403774;1923.1932686010703
1149;432.1451173441631;1837.8194627251644
1044;238.79873039598854;1572.4691226935438
66;331.0674998795602;1619.564947454081
334;590.9832744835077;2181.4852795807174
704;290.0528475888555;2341.9936038029623
254;424.5758482144229;1278.1569356684854
1119;289.8379486590429;2058.4011002759244
333;307.77907024452776;2181.4852795807174
64;389.8338620702034;2307.911646278003
1243;195.77166798470313;1545.6706776398978
959;425.77198872920155;1656.8132789185202
733;839.2260286619971;1756.4236483657046
426;354.8042561141742;1422.1625903258778
881;616.3090810446383;1813.7433421528117
1093;309.0620764988348;2061.3352861054495
1046;365.3515845954084;1572.4691226935438
114;350.8489918611689;1905.0253121192986
674;378.9094272153046;1524.4214436492468
57;572.9538718680741;1619.564947454081
836;888.375269784511;2278.851856993814
662;387.89145996015475;1923.5275534553712
1169;280.87242318313315;1769.254635999849
1150;216.43910110070584;1837.8194627251644
1208;440.16916160598004;1621.1925772073164
483;394.7721773689132;1744.068094239025
816;904.3461919638319;2034.6317001157681
371;283.27755073123114;1841.5427116770004
451;266.3065235862135;1651.3553149580118
140;589.2006853976314;2253.191604991143
41;649.7574928692885;1753.0549626443587
1098;358.43069978198594;2061.3352861054495
138;248.81955914542544;2253.191604991143
369;205.26311671539;1841.5427116770004
452;425.89642314300824;1651.3553149580118
249;366.2629791556858;1278.1569356684854
810;353.4036087609015;1780.4885487228057
1099;347.47948145544717;2029.727141359345
768;200.03091819113334;1468.8421029040937
1175;970.7884382609318;2061.043409547084
47;502.22733097137393;1738.2262588352962
934;428.3698683304806;2172.5494241370375
486;587.7348011797591;1744.068094239025
585;423.3923412344256;2357.029116627469
304;155.83576896241783;2263.186186957012
263;194.04748957006234;1951.9818813409358
773;407.77751923922807;2046.5631124000115
1214;606.2908703560723;2160.6590150806765
1145;365.5363566309561;2311.5324741922527
471;385.96035406683364;1923.6120736140417
872;889.8947570037033;2219.3916718810797
724;439.1046972528302;1781.0507483670087
56;1106.0926859706876;2307.911646278003
827;1128.2286321339018;2576.1225402630816
365;206.59227017472713;1343.5058773743358
328;817.210453984124;2181.4852795807174
460;496.52485344040645;2194.5319723232747
45;487.71340572120516;1738.2262588352962
584;992.3506257746844;2439.1464554726435
902;365.0360605424052;1770.4181511597922
1092;455.68591210968594;2029.727141359345
1161;1224.5030506968567;2265.921248285048
1152;477.78658448006377;2311.5324741922527
264;212.7281503928072;1951.9818813409358
772;423.4847025916087;2046.5631124000115
755;501.7237925197164;1888.5225283423747
522;352.05414747920463;1873.3538669567472
1159;658.9399414940389;1769.254635999849
952;675.7347696100209;1656.8132789185202
643;446.5279345581847;2107.650834106325
1142;938.4243473656284;1837.8194627251644
511;355.35516872789776;1931.0970588989567
463;338.3415741988539;2194.5319723232747
1085;935.5081147398042;2061.3352861054495
132;1095.5378249037365;2253.191604991143
352;383.0947629339759;2244.543856022793
961;308.324353973778;2036.5042779186158
1234;569.7020379150764;2046.1421104866267
252;487.3181082983766;1278.1569356684854
238;394.9916052063473;2230.0948541680596
97;620.1258777961558;1905.0253121192986
512;340.51706347395486;1931.0970588989567
750;240.1728913550864;1888.5225283423747
1103;710.8993844250255;2029.727141359345
641;338.2280392084231;2107.650834106325
1037;722.2970491592312;1572.4691226935438
1233;371.26241876935234;2046.1421104866267
349;354.597258356589;2244.543856022793
963;302.49897073071884;2036.5042779186158
1264;363.3060753722558;1694.8070009375604
364;950.1103333687857;1841.5427116770004
236;358.12662712741906;2230.0948541680596
524;265.84089271339485;1873.3538669567472
903;195.0704668358551;1770.4181511597922
260;1007.1779677185962;1951.9818813409358
93;182.1963121173472;1952.6752242941184
691;1111.452369524853;2341.9936038029623
448;751.2048489843584;1651.3553149580118
94;387.0993586107069;1952.6752242941184
505;903.9009060445086;1931.0970588989567
39;418.74520124486276;1738.2262588352962
744;795.0466168576636;1888.5225283423747
766;772.7700442114365;2046.5631124000115
1133;1161.9284605860255;2311.5324741922527
228;858.7598603392984;2230.0948541680596
343;366.8364152012706;1835.6825115681272
344;857.0733107549926;2244.543856022793
273;395.08556961467826;1751.9177963389106
574;430.6584233403511;2238.4618087142435
456;697.7688675242913;2194.5319723232747
1258;470.5775472238253;1694.8070009375604
243;550.8263335013266;2413.24351849719
738;303.9289024987819;2082.948282740799
622;196.37678972341197;2258.1730317356523
275;248.35867590119742;1751.9177963389106
573;321.6812840978706;2238.4618087142435
906;601.585817688045;1672.6271253559698
956;949.9464689347278;2036.5042779186158
1226;1011.3103561658354;2046.1421104866267
246;366.89115126349907;2413.24351849719
636;971.2255236800473;2107.650834106325
621;250.5802748305945;2258.1730317356523
899;911.5811958054444;1770.4181511597922
30;241.35331921040637;2083.9243284391046
437;281.9637629556588;1946.7479663194235
1242;339.7805687833534;1545.6706776398978
913;485.7342646073995;1672.6271253559698
33;455.020439412513;2083.9243284391046
266;801.9191476852898;1751.9177963389106
86;780.1459780810534;1952.6752242941184
737;442.6365222629662;2082.948282740799
1117;609.0697531327471;1730.2235008395767
683;353.32766366983265;1941.2431609064367
680;403.9254472009498;1941.2431609064367
419;521.487593418591;1961.0306385928125
293;330.13786375514803;1789.7232416721047
520;861.347531288301;1873.3538669567472
1054;178.76515189378745;2039.675764157454
616;1001.9554252147626;2258.1730317356523
418;314.9321374277256;1961.0306385928125
22;999.5686141112782;2083.9243284391046
1056;227.63023536346614;2039.675764157454
290;70.713071715927;1789.7232416721047
240;858.4767192645905;2413.24351849719
1050;920.8085915673487;2039.675764157454
142;431.52950481517206;1618.2292029834293
1237;534.0287681006135;1545.6706776398978
223;368.49434237954824;1414.6042658112256
783;529.2931601729924;1507.174796576534
731;790.2178106246873;2082.948282740799
672;678.6253278937859;1941.2431609064367
533;215.54139880674117;1483.4823564664657
137;630.459689099824;1618.2292029834293
548;344.92382964043566;1795.4477977730455
568;981.7132662364164;2238.4618087142435
1128;634.4689252994394;1730.2235008395767
943;189.03756110304752;1703.081247058725
286;563.6997990972512;1789.7232416721047
1195;403.7619231647866;1584.0028633479435
711;594.5169060186325;1908.0901619538574
415;532.714120139085;1961.0306385928125
1074;398.5701316045908;2040.6935248459347
545;769.3652446665907;1795.4477977730455
1197;212.40876841849106;1584.0028633479435
1259;805.8827670426244;2123.5196182097106
543;629.7640185614855;1875.628727286743
213;506.69691438142286;1702.2801013720143
303;661.779488632144;2263.186186957012
536;714.49443830391;1875.628727286743
315;440.94867289469545;1752.0062263133377
1271;718.0758303139004;2123.5196182097106
540;442.52866944448994;1875.628727286743
202;373.3361794410651;1923.1932686010703
1086;651.5569683321304;2091.456093998488
1189;725.1193876549204;1584.0028633479435
319;792.5133865373072;1752.0062263133377
393;328.4893381225352;1722.1505814197048
933;539.3799352253889;2172.5494241370375
387;662.5052872084143;1722.1505814197048
413;373.7437901616056;1954.505173222165
664;761.6840541017536;1923.5275534553712
468;556.2423878508855;1923.6120736140417
1076;886.284897556898;2091.456093998488
198;968.0689690593364;1923.1932686010703
299;1056.9179850522733;2263.186186957012
280;315.89549278574253;1929.7914424944154
926;936.6785262238147;2172.5494241370375
467;703.9230752497454;1923.6120736140417
879;636.2040550487359;1813.7433421528117
381;980.9780533637833;2170.1165772006407
873;448.6076750629609;1813.7433421528117
1210;266.4752757773629;2160.6590150806765
188;314.0020347750169;1638.9245899320613
376;939.5754492721417;2170.1165772006407
716;647.2589115439808;1781.0507483670087
980;677.7859865491397;1716.7172785930736
76;419.1773818525095;1487.808017109765
1114;322.2684776272743;2058.4011002759244
184;345.1704241864129;1638.9245899320613
1203;834.2398185694999;2160.6590150806765
763;333.6965078771792;1468.8421029040937
73;602.1774008021727;1487.808017109765
77;806.8632662918844;1855.5077909117224
991;626.8428322171022;1716.7172785930736
1107;1017.9227628007216;2058.4011002759244
723;694.6871395701979;1781.0507483670087
180;581.8313723038372;1638.9245899320613
84;574.5171826368402;1855.5077909117224
1272;441.1544900557573;1565.6280946660538
761;770.4100222722185;1468.8421029040937
1276;544.8596705291368;1565.6280946660538
1274;579.6139340811596;1565.6280946660538
342;388.5630502925143;1835.6825115681272
1212;444.5915758451198;1767.1774598245645
337;498.7470434525303;1835.6825115681272
982;367.38133369210976;1655.8943484904144
1073;816.0919228572789;2040.6935248459347
976;877.033349942903;1655.8943484904144
1065;826.031470384065;2040.6935248459347
777;503.42596262304494;1507.174796576534
354;416.1346576952041;1343.5058773743358
363;720.7789495044047;1343.5058773743358
705;767.5599189374615;1908.0901619538574
212;448.298747181612;1702.2801013720143
785;474.45567378049645;1507.174796576534
653;928.7499223687843;1798.8190562944612
708;546.0133369977638;1908.0901619538574
207;621.1037871482575;1702.2801013720143
557;670.3742968456148;2103.56323436508
613;391.5586844573387;1422.5030365030425
563;891.247421828871;2103.56323436508
412;441.70887450501596;1954.505173222165
609;620.3729222128653;1422.5030365030425
583;515.7717315853953;2357.029116627469
431;618.451976402253;1422.1625903258778
406;572.5101422553528;1954.505173222165
528;310.5402739518002;1483.4823564664657
578;1030.557682348137;2357.029116627469
436;511.070520844032;1946.7479663194235
1202;597.4490724944959;1621.1925772073164
428;448.9063578094502;1422.1625903258778
440;940.5835116399289;1946.7479663194235
1205;583.5743431068406;1621.1925772073164
1260;416.8454083206582;1564.1772111250218
532;654.6090500893696;1483.4823564664657
1254;741.874818637772;1564.1772111250218
1002;577.4455351174488;1953.0085181807597
999;874.7276142234634;1953.0085181807597
1223;766.9370508152084;1767.1774598245645
222;621.8120764950559;1414.6042658112256
936;788.0600136133191;1703.081247058725
942;725.9836723423584;1703.081247058725
220;424.29784693662145;1414.6042658112256
1024;254.6095718452821;1858.4328672703962
1023;359.45875324101956;1858.4328672703962
1013;485.91758519381386;1858.4328672703962
84;286.3140470452967;1652.6038050862637
85;311.55850591915566;1652.6038050862637
1222;424.75709839713636;2233.452632633962
953;349.3336974899915;2075.8772273496825
402;411.2466765942221;1965.056449332369
955;502.0308406226569;2075.8772273496825
1223;404.8803551914393;2233.452632633962
403;410.06799963359913;1965.056449332369
82;697.1254892100097;1652.6038050862637
943;858.8508775315499;2075.8772273496825
521;494.38879404815043;1803.1713208720712
32;609.2199970763836;1700.2964999531896
869;275.7823601686491;1734.7529401374304
107;338.9328400610526;1837.0746491918844
685;259.3702061624672;1608.848347074773
161;221.75257795368356;1393.312990214479
1216;830.735173575664;2233.452632633962
72;283.47706547588064;2191.171218759276
274;519.9436743313648;2137.951624213334
396;845.7472400187601;1965.056449332369
902;449.9518420346145;2060.4442270302516
1276;287.0867169995083;2142.304420863796
612;279.48206255720737;1647.9329001146314
75;317.73400422968393;2076.641848264862
614;516.7233041606779;1647.9329001146314
1277;239.27668432502068;2142.304420863796
272;385.0850916050463;2137.951624213334
751;385.6464726679724;2010.0577476737806
153;283.5428655828775;1551.127424771982
717;370.58002428485884;1800.1236283692065
308;514.4995333703959;1708.1435244244751
195;503.5614913582998;1996.960076620002
719;426.8310577860903;1800.1236283692065
464;321.3325444628532;1845.8860306626402
139;389.44841701095424;2254.472626864792
759;601.6781442554104;2010.0577476737806
127;450.9057214310133;2228.898144617561
154;245.58669004610957;1551.127424771982
193;243.32570974632188;1996.960076620002
704;598.8790941412101;2193.7390805242135
512;369.55461646150286;2025.9746133224846
463;225.64920370073236;1845.8860306626402
116;384.590054911827;1859.640650861763
1200;128.75571528463527;1869.0616096181448
606;410.0663192917755;1647.9329001146314
313;246.57551260915642;1865.1859768862387
137;238.0819899423492;2254.472626864792
518;224.9345332833807;2025.9746133224846
1197;396.396330907571;1923.9653968101725
972;249.3433475447642;1805.4537593120242
1064;367.76838458308646;2005.5970142502774
703;232.0312075937394;2193.7390805242135
371;332.96456618813374;1888.3286899929622
1088;236.4294289945163;1906.5682768461236
31;516.0912199935193;1994.4749251222959
731;313.67192959358243;1613.7908594863995
269;760.9170940786462;2137.951624213334
507;282.62347962294547;1875.2039534264431
914;357.49969053353385;1696.5640319723539
827;307.9006590364404;1798.3489587535903
29;284.5721381583429;1994.4749251222959
1274;887.7017515412039;2142.304420863796
173;417.9038895853331;1807.4706421758297
38;336.4589801888158;1818.2625258363369
983;648.7117421854639;2169.9917017342177
743;755.8604332517173;2010.0577476737806
1045;200.04451415357474;1740.4612820450454
668;413.9770749912034;1948.3373435157973
459;766.129276562725;1845.8860306626402
1097;467.5572864573229;1994.8761911805714
830;329.6411239579286;1798.3489587535903
710;624.8056633457522;1800.1236283692065
416;234.50094490215045;1284.1516745120264
851;353.4894418213959;1904.9159792393004
131;944.9927668778964;2254.472626864792
695;1011.8422431033682;2193.7390805242135
1201;420.29948208565827;1869.0616096181448
876;341.5277614907618;1652.3067599566741
960;467.841476332566;2166.6283508386305
574;617.3110947708755;1811.19115722833
289;454.65869185032045;1877.7468276737134
980;461.1092566985518;2169.9917017342177
22;601.926612252045;1994.4749251222959
1092;324.5587182689528;1994.8761911805714
292;348.2798307480822;1877.7468276737134
1249;365.1504847011996;1640.9842327867277
849;225.35587064575395;1904.9159792393004
870;374.8735358669102;1652.3067599566741
675;378.9256054651088;1948.3373435157973
763;233.96685446116425;1989.320151624797
1019;407.1766804206453;1588.2923515080754
575;427.80027900845784;1811.19115722833
235;322.1553535871147;1987.7314485687102
551;475.8270855727422;1754.244706899102
881;301.909761010146;1756.047450056282
45;120.5075014299951;1523.5933523043668
381;348.3836122029928;1605.9659254611781
331;217.29880918430447;1923.5075542847007
144;703.9565697469876;1551.127424771982
249;480.4839818486149;1977.7916773563124
506;1102.4530830141032;2025.9746133224846
59;439.6468116286719;1643.2857013049836
333;594.8974639290981;1923.5075542847007
252;424.59385371435224;1977.7916773563124
226;399.5602358561743;1721.2874706120317
187;838.8405107505746;1996.960076620002
238;261.2668729064262;1987.7314485687102
1263;116.48462616599893;1559.725610250202
223;295.99441280242104;1721.2874706120317
892;210.22864492909352;2072.9475974907814
886;291.2099236526911;1756.047450056282
212;617.4966438354276;1781.0466101044995
632;332.6426209361117;1688.1320504677958
61;359.42613692319287;1643.2857013049836
977;882.506013339684;2169.9917017342177
209;351.4655628624845;1781.0466101044995
819;445.26215623081544;1798.3489587535903
1085;835.7989384064078;1994.8761911805714
934;260.94688362904554;1834.5464888643685
1012;297.75652913921186;1898.2534841001093
1129;374.13875987798843;2048.2849203068645
1164;423.1736077958576;1857.6929565011956
326;465.5089886363119;1923.5075542847007
631;272.50694081140495;1688.1320504677958
789;339.0108035509553;1614.885027834526
660;657.3898391612538;1948.3373435157973
247;234.93998893127662;2108.7167249023123
932;394.037936277081;1834.5464888643685
817;359.68867930462557;1664.5416070538647
785;124.35068380526641;1614.885027834526
1011;326.64671815651695;1898.2534841001093
801;304.4565365010393;1519.0443766155895
872;723.0420666775801;1756.047450056282
284;703.2202718796531;1877.7468276737134
1196;999.5073349158694;1869.0616096181448
1112;555.5578965449793;1934.1489830153425
689;374.8976989204317;1748.7190936427949
887;708.9806501499933;2072.9475974907814
474;382.09001902715;1733.1955902834225
948;415.7224828672355;1800.8394311733741
219;573.421837243026;1721.2874706120317
1162;377.7418143780029;1857.6929565011956
283;498.77234824072633;1862.0053805202904
862;554.4588587627788;1652.3067599566741
850;195.8664573490463;1930.1362837502181
494;291.97012009658835;2043.1442345813175
1251;351.2119265773794;2252.239947661304
148;305.06423751286087;2007.2090538690593
1184;344.90314331727745;1574.892150419868
1253;273.77697739839493;2252.239947661304
473;307.54146238048526;1733.1955902834225
241;723.3263176701112;1977.7916773563124
228;868.5486041090339;1987.7314485687102
652;359.33538739817504;1742.276522599309
322;329.6550687892658;1552.376024539841
852;227.8181320472886;1930.1362837502181
492;370.5359259668306;2043.1442345813175
693;339.6711234010521;1748.7190936427949
55;554.7361055956541;1643.2857013049836
1007;730.3912400425983;1898.2534841001093
1111;444.17773041101054;1934.1489830153425
1234;417.6449983386386;1752.0961704866208
570;389.4383937819379;1811.19115722833
206;483.5567115142245;1781.0466101044995
627;532.0016563859408;1688.1320504677958
781;956.8187985061609;1614.885027834526
924;766.9362970088191;1834.5464888643685
841;792.1093204075795;1904.9159792393004
184;490.8628942441161;1894.054939372625
1076;516.3681793156945;1741.0747232366607
359;185.5030127401002;1752.4944747327688
654;413.9940689028275;1742.276522599309
671;267.4187147329552;2250.4643594677373
585;214.01200829263558;1595.3964118395675
772;501.55509656945253;1878.9281262752502
533;258.6969694259483;2255.8277809001393
470;463.16215190309055;1733.1955902834225
884;901.8240140611942;2072.9475974907814
534;487.5807657890334;2255.8277809001393
681;568.4485948878056;1748.7190936427949
1071;683.4953619323826;1741.0747232366607
1244;1140.3374836775356;2252.239947661304
1101;594.3317305385414;1934.1489830153425
48;224.0549010366149;1536.1228836289004
49;392.7146767511737;1536.1228836289004
1142;345.23917977408587;2028.4965171830268
1155;715.7740697916729;1857.6929565011956
646;539.113510131867;1742.276522599309
1141;396.10424846331733;2028.4965171830268
351;293.62206878000575;2354.2822324334334
349;179.20978589922126;2354.2822324334334
531;777.7162101388183;2255.8277809001393
843;910.4982036430192;1930.1362837502181
393;308.37000774871535;2147.3953310979487
483;765.0630200588241;2043.1442345813175
342;363.76210712071014;2302.335990598243
343;380.11409434974314;2302.335990598243
745;286.3121773671962;1706.7046596105959
539;333.7595252217882;2231.7629067675725
42;556.1961625655946;1536.1228836289004
747;112.03292911752389;1706.7046596105959
540;440.2444296379782;2231.7629067675725
1153;404.1267048544515;1948.5389723797382
1073;541.2111819885835;1741.0747232366607
1137;814.8935620801698;2028.4965171830268
344;990.5151230038359;2354.2822324334334
1053;319.2915513633789;1941.1970198967351
198;346.7808365227166;1879.3354022410829
1134;225.88889405550614;1664.8551254194863
71;521.3085898210353;2191.171218759276
335;1033.5261776524726;2302.335990598243
202;182.72767859595137;1879.3354022410829
432;296.35626441376405;1671.7429922066833
1132;530.0549205769124;1664.8551254194863
69;599.4520739711378;2076.641848264862
650;573.6901491363121;1648.1830322800288
741;886.9350035319816;1706.7046596105959
622;262.5511112864221;1862.486304978359
64;888.5997044096191;2191.171218759276
535;1202.5902633632968;2231.7629067675725
833;471.173443182297;1915.639189019536
604;530.6799581998789;2153.7220985323165
997;433.62952248171615;1939.1014467606592
92;892.5711369779164;1837.0746491918844
421;596.6363262188567;1838.3636775442053
312;473.941814678984;1865.1859768862387
1127;812.841855877243;1664.8551254194863
194;866.984578516581;1879.3354022410829
414;340.51521578050614;1838.3636775442053
451;375.938299362322;1885.1809267824542
871;939.8263964834362;1734.7529401374304
103;425.23368615532206;1837.0746491918844
76;1159.4557700640403;2076.641848264862
306;1064.5466265196721;1865.1859768862387
368;788.739242122986;1888.3286899929622
1096;575.6603269201266;1850.7442584330938
504;631.3114922950433;1875.2039534264431
1018;402.5700205045573;1588.2923515080754
1043;426.87481075980884;1740.4612820450454
423;730.3094101119194;1838.3636775442053
167;587.6666945994801;1807.4706421758297
1016;550.2408258996802;1588.2923515080754
114;391.02131835126454;1859.640650861763
966;1035.1063463984083;1805.4537593120242
1194;643.2705523851691;1923.9653968101725
971;435.8468623761336;1805.4537593120242
37;402.1105766090716;1818.2625258363369
501;851.2868581049652;1875.2039534264431
1188;884.298513517432;1923.9653968101725
1035;832.8807021090407;1740.4612820450454
243;475.9341044427274;2108.7167249023123
485;563.6017150175278;2056.4738890276863
603;668.0080416145545;2153.7220985323165
480;544.2521960880758;2056.4738890276863
912;419.1326650553241;1696.5640319723539
108;827.1899263549828;1859.640650861763
1063;441.79412344358406;2005.5970142502774
377;302.7504152217227;1605.9659254611781
172;801.9000579910161;1807.4706421758297
237;848.4053065165328;2108.7167249023123
484;458.41909990484146;2056.4738890276863
1123;492.1302275819473;2048.2849203068645
910;716.9523989719061;1696.5640319723539
1176;566.104607807386;1574.892150419868
1248;256.5519042887654;1640.9842327867277
599;760.0782145158375;2153.7220985323165
940;736.4348128523548;1800.8394311733741
1052;991.7730482064983;2005.5970142502774
44;427.4733799311174;1523.5933523043668
24;787.8751886637211;1818.2625258363369
581;402.4321844324081;1595.3964118395675
1183;406.9983385900436;1574.892150419868
1117;847.6584314828832;2048.2849203068645
282;583.1455021463466;1862.0053805202904
276;780.0875301332172;1862.0053805202904
179;839.3666472000556;1894.054939372625
573;701.5976419539459;1595.3964118395675
945;648.6821354537838;1800.8394311733741
1241;871.5535433152712;1640.9842327867277
378;954.8318980364625;1605.9659254611781
35;975.6124709432545;1523.5933523043668
143;606.5216914080297;2007.2090538690593
1262;390.20203474184234;1559.725610250202
183;563.8253979284533;1894.054939372625
320;343.92717050994713;1552.376024539841
1257;773.2319879656917;1559.725610250202
135;778.9840037154878;2007.2090538690593
358;601.1321360724944;1752.4944747327688
391;432.05637525660387;2147.3953310979487
119;938.8655759138318;2228.898144617561
316;750.0375832653898;1552.376024539841
670;562.9398769264299;2250.4643594677373
355;809.9887334241716;1752.4944747327688
389;994.9410949964401;2147.3953310979487
124;670.7700900422208;2228.898144617561
900;730.6494244307103;2060.4442270302516
896;879.8429605649267;2060.4442270302516
666;793.1368360575907;2250.4643594677373
30;537.8479744343053;1700.2964999531896
1057;635.0339329810189;1941.1970198967351
831;420.5487210171585;1915.639189019536
1104;686.0135416319252;1850.7442584330938
23;553.2285284425005;1700.2964999531896
444;467.08931397957906;1597.4930218192578
1048;548.4669511374229;1941.1970198967351
793;509.7832164348148;1519.0443766155895
621;363.5283732301559;1862.486304978359
992;411.34589285755254;1939.1014467606592
800;704.8046236797353;1519.0443766155895
616;757.7078775357247;1862.486304978359
996;565.0638616055231;1939.1014467606592
548;523.6987201700653;1754.244706899102
954;859.9519493402784;2166.6283508386305
299;621.0489584112421;1708.1435244244751
752;817.9305736997848;1989.320151624797
959;838.8349251657864;2166.6283508386305
546;754.7189011562947;1754.244706899102
811;518.8810828205503;1664.5416070538647
722;733.4029385688068;1613.7908594863995
761;650.3582372984272;1989.320151624797
764;616.4958497136845;1878.9281262752502
815;671.6869312315808;1664.5416070538647
730;566.71599132401;1613.7908594863995
1177;270.14455074263526;1344.1282181828099
1178;551.901696895608;1344.1282181828099
1170;522.0819705445668;1344.1282181828099
771;760.8771799921132;1878.9281262752502
429;500.11105876959596;1671.7429922066833
676;1011.9756014393066;1608.848347074773
682;337.50253947299905;1608.848347074773
1232;257.69639491980985;1752.0961704866208
431;875.2756690233234;1671.7429922066833
1230;690.7046468025164;1752.0961704866208
1081;1067.7993078620007;1906.5682768461236
519;639.7190534576134;1803.1713208720712
441;720.6004187209376;1597.4930218192578
155;501.6458498456646;1393.312990214479
513;647.5456795157768;1803.1713208720712
408;599.588121039937;1284.1516745120264
1083;602.3395399896065;1906.5682768461236
164;649.3155855692195;1393.312990214479
413;446.1403593755287;1284.1516745120264
437;359.84516217027607;1597.4930218192578
445;907.4437722495454;1885.1809267824542
450;495.620947259398;1885.1809267824542
1147;762.0825255017805;1948.5389723797382
645;482.0901699041593;1648.1830322800288
636;592.4027132395571;1648.1830322800288
1152;782.3297420235061;1948.5389723797382
728;244.46597007273007;2009.9170082387327
724;425.18667127869344;2009.9170082387327
718;676.6719852113853;2009.9170082387327
795;250.48073077479404;2267.876189586099
792;273.00025444241703;2267.876189586099
783;1181.051067772269;2267.876189586099
1269;170.39251448720566;1516.7129482183245
1267;771.5049021476282;1516.7129482183245
1268;574.8155315834906;1516.7129482183245
7;238.24170273947428;1497.1399192485283
6;380.16774257532535;1497.1399192485283
5;609.7964645409033;1497.1399192485283
6;258.53917558007413;1791.6359295664797
5;392.5954339685681;1791.6359295664797
7;402.4150373363859;1791.6359295664797
6;303.3959668883903;1268.073355484407
7;331.6732924107838;1268.073355484407
5;513.7878295256228;1268.073355484407
6;291.94089462117046;1511.1514089948214
7;528.5312471206714;1511.1514089948214
5;415.6704312386219;1511.1514089948214
5;3004.0179020503333;5852.072109029674
6;2761.520121411631;5852.072109029674
5;2192.0008614406356;4810.22952230519
6;2529.725781384662;4810.22952230519
