13;1404.6350090083276;82428300;[AB]
12;1404.6350090083276;82428300;[MW]
11;1404.6350090083276;82428300;[IR]
10;1366.4114505188193;82428300;[AB]
5;1338.3667664069549;82428300;[IR]
6;1338.3667664069549;82428300;[MW]
8;1366.4114505188193;82428300;[IR]
9;1366.4114505188193;82428300;[MW]
7;1338.3667664069549;82428300;[AB]
6;1384.8331215412836;93662948;[MW]
7;1384.8331215412836;93662948;[AB]
10;1197.6991439619171;93662948;[AB]
5;1384.8331215412836;93662948;[IR]
8;1197.6991439619171;93662948;[IR]
9;1197.6991439619171;93662948;[MW]
13;1519.1434044351413;93662948;[AB]
11;1519.1434044351413;93662948;[IR]
12;1519.1434044351413;93662948;[MW]
13;1404.6350090083276;23329271;[AB]
11;1404.6350090083276;23329271;[IR]
9;1366.4114505188193;23329271;[MW]
7;1338.3667664069549;23329271;[AB]
8;1366.4114505188193;23329271;[IR]
12;1404.6350090083276;23329271;[MW]
6;1338.3667664069549;23329271;[MW]
10;1366.4114505188193;23329271;[AB]
5;1338.3667664069549;23329271;[IR]
9;1366.4114505188193;97597357;[MW]
5;1338.3667664069549;97597357;[IR]
7;1338.3667664069549;97597357;[AB]
11;1404.6350090083276;97597357;[IR]
8;1366.4114505188193;97597357;[IR]
10;1366.4114505188193;97597357;[AB]
6;1338.3667664069549;97597357;[MW]
12;1404.6350090083276;97597357;[MW]
13;1404.6350090083276;97597357;[AB]
98;1366.4114505188193;51102093;[IR]
81;1338.3667664069549;51102093;[IR]
96;1338.3667664069549;51102093;[MW]
99;1366.4114505188193;51102093;[MW]
100;1366.4114505188193;51102093;[AB]
103;1404.6350090083276;51102093;[AB]
102;1404.6350090083276;51102093;[MW]
101;1404.6350090083276;51102093;[IR]
97;1338.3667664069549;51102093;[AB]
66;1384.8331215412836;97954205;[IR]
82;1286.737346676569;97954205;[MW]
69;1384.8331215412836;97954205;[MW]
71;1384.8331215412836;97954205;[AB]
79;1286.737346676569;97954205;[IR]
83;1286.737346676569;97954205;[AB]
39;1338.3667664069549;67021948;[MW]
48;1366.4114505188193;67021948;[MW]
45;1366.4114505188193;67021948;[IR]
31;1338.3667664069549;67021948;[IR]
54;1404.6350090083276;67021948;[IR]
60;1404.6350090083276;67021948;[AB]
57;1404.6350090083276;67021948;[MW]
42;1338.3667664069549;67021948;[AB]
51;1366.4114505188193;67021948;[AB]
67;1384.8331215412836;51219549;[IR]
93;1286.737346676569;51219549;[MW]
94;1286.737346676569;51219549;[AB]
88;1384.8331215412836;51219549;[AB]
87;1384.8331215412836;51219549;[MW]
92;1286.737346676569;51219549;[IR]
77;1174.933468679208;97954205;[AB]
75;1174.933468679208;97954205;[MW]
73;1174.933468679208;97954205;[IR]
89;1174.933468679208;51219549;[IR]
90;1174.933468679208;51219549;[MW]
91;1174.933468679208;51219549;[AB]
70;1384.8331215412836;92536316;[AB]
78;1286.737346676569;92536316;[IR]
37;1384.8331215412836;92536316;[IR]
84;1286.737346676569;92536316;[AB]
68;1384.8331215412836;92536316;[MW]
80;1286.737346676569;92536316;[MW]
72;1174.933468679208;92536316;[IR]
76;1174.933468679208;92536316;[AB]
74;1174.933468679208;92536316;[MW]
50;897.176111449036;24578696;[MW]
43;1338.3667664069549;24578696;[AB]
40;1338.3667664069549;24578696;[MW]
53;897.176111449036;24578696;[AB]
33;1338.3667664069549;24578696;[IR]
46;897.176111449036;24578696;[IR]
59;1631.326663930365;24578696;[MW]
56;1631.326663930365;24578696;[IR]
62;1631.326663930365;24578696;[AB]
41;468.4736154690044;29001796;[MW]
47;1062.071057873012;29001796;[IR]
52;1062.071057873012;29001796;[AB]
61;1475.4793621588274;29001796;[AB]
32;603.2372511426099;29001796;[IR]
49;1062.071057873012;29001796;[MW]
44;609.9633144408841;29001796;[AB]
55;1475.4793621588274;29001796;[IR]
58;1475.4793621588274;29001796;[MW]
16;1384.8331215412836;37190176;[IR]
36;1286.737346676569;37190176;[IR]
22;1384.8331215412836;37190176;[AB]
41;1286.737346676569;37190176;[AB]
19;1384.8331215412836;37190176;[MW]
38;1286.737346676569;37190176;[MW]
21;1384.8331215412836;37061970;[AB]
33;1518.0385898832849;37061970;[IR]
39;1518.0385898832849;37061970;[AB]
15;1384.8331215412836;37061970;[IR]
35;1518.0385898832849;37061970;[MW]
20;1384.8331215412836;37061970;[MW]
26;1174.933468679208;37190176;[IR]
30;1174.933468679208;37190176;[MW]
32;1174.933468679208;37190176;[AB]
27;1322.2873564925949;37061970;[MW]
24;1322.2873564925949;37061970;[IR]
29;1322.2873564925949;37061970;[AB]
28;1366.4114505188193;7438648;[MW]
25;1366.4114505188193;7438648;[IR]
34;1404.6350090083276;7438648;[IR]
31;1366.4114505188193;7438648;[AB]
40;1404.6350090083276;7438648;[AB]
37;1404.6350090083276;7438648;[MW]
18;1338.3667664069549;7438648;[MW]
17;1338.3667664069549;7438648;[IR]
23;1338.3667664069549;7438648;[AB]
20;1384.8331215412836;29744111;[MW]
16;1384.8331215412836;29744111;[IR]
32;1635.934987492393;29744111;[AB]
28;1635.934987492393;29744111;[IR]
23;1384.8331215412836;29744111;[AB]
30;1635.934987492393;29744111;[MW]
26;1136.6354178464844;29744111;[AB]
24;1136.6354178464844;29744111;[IR]
25;1136.6354178464844;29744111;[MW]
15;1384.8331215412836;98882259;[IR]
21;1384.8331215412836;98882259;[AB]
19;1384.8331215412836;98882259;[MW]
29;1136.5458336604286;98882259;[MW]
27;1136.5458336604286;98882259;[IR]
31;1136.5458336604286;98882259;[AB]
36;1456.6289698637004;98882259;[AB]
33;1456.6289698637004;98882259;[IR]
34;1456.6289698637004;98882259;[MW]
43;1286.737346676569;52181439;[AB]
22;1384.8331215412836;52181439;[AB]
42;1286.737346676569;52181439;[MW]
17;1384.8331215412836;52181439;[IR]
18;1384.8331215412836;52181439;[MW]
41;1286.737346676569;52181439;[IR]
39;1174.933468679208;52181439;[MW]
38;1174.933468679208;52181439;[IR]
40;1174.933468679208;52181439;[AB]
39;1286.737346676569;27781772;[AB]
17;1384.8331215412836;27781772;[IR]
32;1286.737346676569;27781772;[IR]
23;1384.8331215412836;27781772;[AB]
18;1384.8331215412836;27781772;[MW]
36;1286.737346676569;27781772;[MW]
38;1286.737346676569;20843939;[AB]
22;1384.8331215412836;20843939;[AB]
15;1384.8331215412836;20843939;[IR]
35;1286.737346676569;20843939;[MW]
33;1286.737346676569;20843939;[IR]
20;1384.8331215412836;20843939;[MW]
26;1174.933468679208;27781772;[MW]
30;1174.933468679208;27781772;[AB]
24;1174.933468679208;27781772;[IR]
27;1174.933468679208;20843939;[MW]
29;1174.933468679208;20843939;[AB]
25;1174.933468679208;20843939;[IR]
40;931.8070313677673;93922333;[MW]
31;1268.0988968352874;93922333;[MW]
41;931.8070313677673;93922333;[AB]
37;931.8070313677673;93922333;[IR]
34;1268.0988968352874;93922333;[AB]
28;1268.0988968352874;93922333;[IR]
19;1502.3893374310178;93922333;[MW]
16;1502.3893374310178;93922333;[IR]
21;1502.3893374310178;93922333;[AB]
22;1233.0417540685216;98572408;[IR]
25;1233.0417540685216;98572408;[AB]
24;1233.0417540685216;98572408;[MW]
18;1384.8331215412836;98572408;[MW]
15;1384.8331215412836;98572408;[IR]
20;1384.8331215412836;98572408;[AB]
36;1384.8331215412836;30506302;[MW]
37;1384.8331215412836;30506302;[AB]
35;1384.8331215412836;30506302;[IR]
41;1286.737346676569;30506302;[IR]
43;1286.737346676569;30506302;[AB]
42;1286.737346676569;30506302;[MW]
33;1500.2506772714573;93668357;[AB]
21;1165.1651833517326;93668357;[IR]
16;1338.3667664069549;93668357;[IR]
17;1338.3667664069549;93668357;[MW]
29;1165.1651833517326;93668357;[AB]
19;1338.3667664069549;93668357;[AB]
30;1500.2506772714573;93668357;[IR]
32;1500.2506772714573;93668357;[MW]
23;1165.1651833517326;93668357;[MW]
28;1566.7388832103493;98572408;[AB]
27;1566.7388832103493;98572408;[MW]
26;1566.7388832103493;98572408;[IR]
40;1174.933468679208;30506302;[AB]
38;1174.933468679208;30506302;[IR]
39;1174.933468679208;30506302;[MW]
26;1366.4114505188193;70210098;[MW]
23;1366.4114505188193;70210098;[IR]
15;1338.3667664069549;70210098;[IR]
19;1338.3667664069549;70210098;[MW]
31;1404.6350090083276;70210098;[IR]
28;1366.4114505188193;70210098;[AB]
37;1404.6350090083276;70210098;[AB]
22;1338.3667664069549;70210098;[AB]
34;1404.6350090083276;70210098;[MW]
36;1286.737346676569;85767080;[AB]
20;1384.8331215412836;85767080;[MW]
33;1286.737346676569;85767080;[MW]
16;1384.8331215412836;85767080;[IR]
30;1286.737346676569;85767080;[IR]
21;1384.8331215412836;85767080;[AB]
27;1174.933468679208;85767080;[AB]
24;1174.933468679208;85767080;[IR]
25;1174.933468679208;85767080;[MW]
17;1384.8331215412836;7958343;[IR]
29;1384.8331215412836;7958343;[AB]
18;1384.8331215412836;7958343;[MW]
32;1136.5458336604286;7958343;[IR]
38;1136.5458336604286;7958343;[AB]
35;1136.5458336604286;7958343;[MW]
41;1460.3637113041011;7958343;[MW]
39;1460.3637113041011;7958343;[IR]
43;1460.3637113041011;7958343;[AB]
39;1404.6350090083276;23456761;[IR]
35;1366.4114505188193;23456761;[MW]
17;1338.3667664069549;23456761;[IR]
38;1366.4114505188193;23456761;[AB]
33;1366.4114505188193;23456761;[IR]
18;1338.3667664069549;23456761;[MW]
43;1404.6350090083276;23456761;[AB]
22;1338.3667664069549;23456761;[AB]
42;1404.6350090083276;23456761;[MW]
34;1404.6350090083276;60738120;[MW]
21;1338.3667664069549;60738120;[AB]
20;1338.3667664069549;60738120;[MW]
31;1404.6350090083276;60738120;[IR]
28;1366.4114505188193;60738120;[AB]
37;1404.6350090083276;60738120;[AB]
24;1366.4114505188193;60738120;[IR]
16;1338.3667664069549;60738120;[IR]
26;1366.4114505188193;60738120;[MW]
23;1384.8331215412836;68013723;[AB]
30;1286.737346676569;68013723;[IR]
36;1286.737346676569;68013723;[AB]
15;1384.8331215412836;68013723;[IR]
32;1286.737346676569;68013723;[MW]
19;1384.8331215412836;68013723;[MW]
29;1174.933468679208;68013723;[AB]
25;1174.933468679208;68013723;[IR]
27;1174.933468679208;68013723;[MW]
