47;3337.189116358366;91702379;[MW]
50;2467.481888658551;91702379;[IR]
51;4702.398108264907;91702379;[MW]
22;1706.9320528043563;91702379;[IR]
40;1412.6158208413594;91702379;[MW]
52;2793.7120768692935;91702379;[AB]
48;1500.1648973804367;91702379;[AB]
43;2771.0287173584984;91702379;[AB]
45;2952.2140330801735;91702379;[IR]
156;1800.814486092586;71185142;[MW]
153;1135.5011692059707;71185142;[MW]
150;1651.0489152276648;71185142;[MW]
140;4110.8177894894425;71185142;[IR]
155;2465.146151237603;71185142;[IR]
151;2323.072201829433;71185142;[AB]
154;3679.6579232296917;71185142;[AB]
152;2460.6055476252486;71185142;[IR]
157;2935.261606835507;71185142;[AB]
42;1811.4424373268967;16032994;[IR]
37;2166.692885416265;16032994;[AB]
33;1747.70862435802;16032994;[MW]
25;2586.464443241127;16032994;[MW]
44;2776.2476392408093;16032994;[MW]
21;2289.8315238922546;16032994;[IR]
46;1703.135421897311;16032994;[AB]
29;3708.4154787691627;16032994;[AB]
31;3207.409069560921;16032994;[IR]
35;3751.9154712106115;95454014;[MW]
30;2815.974041969028;95454014;[MW]
26;1158.2938005711837;95454014;[MW]
20;1767.4909248111737;95454014;[IR]
34;1030.304931546796;95454014;[IR]
28;3051.495146572928;95454014;[IR]
36;2621.276166248858;95454014;[AB]
27;3453.920119965224;95454014;[AB]
32;3770.631677239376;95454014;[AB]
41;1733.893402918667;64684678;[MW]
116;2296.2517173638544;61710133;[IR]
113;1245.9065284265196;61710133;[IR]
43;3849.0281611241153;64684678;[IR]
42;2548.810422998761;64684678;[AB]
106;2276.8679884358357;61710133;[IR]
45;2184.6008079687235;64684678;[AB]
40;4195.181287715365;64684678;[IR]
44;1374.9460739220158;64684678;[MW]
36;1995.0209317462864;64684678;[AB]
34;3558.0638724264263;64684678;[MW]
19;1638.9834139262744;64684678;[IR]
114;2259.8926852237873;61710133;[MW]
110;1312.1670537474101;61710133;[MW]
118;3477.248585125863;61710133;[AB]
115;3182.9568069275892;61710133;[AB]
112;3626.9146076281286;61710133;[AB]
117;3270.066065456426;61710133;[MW]
58;2279.301459452771;55638952;[AB]
61;731.2044954210785;55638952;[AB]
59;1713.7028074220098;55638952;[IR]
60;1765.892605521243;55638952;[MW]
62;3209.87741198424;55638952;[IR]
63;2056.332575775745;55638952;[MW]
57;790.4894288262577;55638952;[MW]
64;1772.594266906535;55638952;[AB]
55;4334.482807828739;55638952;[IR]
50;1677.6699679261746;7256560;[MW]
52;2517.2406060929284;7256560;[IR]
17;2122.0096393717126;7256560;[IR]
54;3385.2261087454026;7256560;[AB]
49;2560.244510619763;7256560;[IR]
53;2378.453569016041;7256560;[MW]
51;3182.914774810221;7256560;[AB]
48;2408.0938749316792;7256560;[AB]
47;2908.619656906716;7256560;[MW]
96;2028.7799526135382;67846973;[AB]
97;654.1221380778805;67846973;[IR]
98;2538.8619094494434;67846973;[MW]
94;1188.7714064203192;67846973;[IR]
95;3040.81809542993;67846973;[MW]
93;1992.0832930775139;67846973;[AB]
99;2761.304465616275;67846973;[AB]
92;3190.6378026773305;67846973;[MW]
74;1359.9882191863055;67846973;[IR]
20;2260.1619532991217;80858771;[IR]
31;1358.0611290961588;80858771;[MW]
25;3671.551663908476;80858771;[MW]
30;3614.2292415260417;80858771;[IR]
32;3353.2816840799546;80858771;[AB]
29;1369.8674779774603;80858771;[AB]
28;1986.0065041167677;80858771;[MW]
26;3258.05197686126;80858771;[AB]
27;2470.613476785652;80858771;[IR]
156;3562.798951699152;87798096;[AB]
146;2720.8309645995764;87798096;[AB]
154;928.9521328651917;87798096;[IR]
148;2581.044430599768;87798096;[IR]
151;2506.763397401265;87798096;[MW]
155;2009.7975657881655;87798096;[MW]
143;1130.8215471288722;87798096;[MW]
153;3233.343616700453;87798096;[AB]
136;727.8143397061006;87798096;[IR]
65;1690.9451387676322;6084857;[AB]
62;1220.789420428006;6084857;[AB]
59;1559.4099734720849;6084857;[AB]
39;424.01050702821226;6084857;[IR]
58;2947.291965625451;6084857;[MW]
63;345.531559989102;6084857;[IR]
64;2093.945350340944;6084857;[MW]
61;2767.3129798296477;6084857;[MW]
60;4085.707076428439;6084857;[IR]
139;1973.0731026969377;31113955;[IR]
137;830.0144921799308;31113955;[AB]
146;2323.9555591454196;31113955;[AB]
145;2107.989474506233;31113955;[MW]
124;1779.5024314236664;31113955;[IR]
141;1229.8133569194638;31113955;[MW]
136;2309.17846556147;31113955;[MW]
144;3510.177610449296;31113955;[IR]
143;3333.0070489773157;31113955;[AB]
76;2583.6900931153914;61881931;[IR]
84;3749.3396480677125;61881931;[MW]
107;3137.0458803500974;61881931;[AB]
86;2808.7574071981417;61881931;[AB]
94;3014.689870140279;61881931;[MW]
100;1869.0982067913133;61881931;[IR]
91;2111.2294512028475;61881931;[IR]
102;3198.367194505845;61881931;[MW]
96;2355.914121548614;61881931;[AB]
70;2798.6952295754295;21767407;[MW]
68;4115.895231229399;21767407;[IR]
84;2118.0975077780467;21767407;[AB]
81;1667.4190842507785;21767407;[MW]
51;4356.605490449432;21767407;[IR]
59;3150.323000703741;21767407;[MW]
63;2366.3243902635113;21767407;[AB]
78;3149.5188472204873;21767407;[IR]
73;2790.8924170860455;21767407;[AB]
126;1453.8404382722165;35034123;[AB]
125;2157.268982197041;35034123;[MW]
117;1511.9677047384077;35034123;[IR]
128;2536.1510483444986;35034123;[MW]
123;4571.652986353821;35034123;[AB]
129;3189.4859060045583;35034123;[AB]
124;2189.2723472356056;35034123;[IR]
121;5930.40531447574;35034123;[MW]
127;3911.7246397997333;35034123;[IR]
31;3064.8131030080012;47101898;[AB]
41;892.4103004547524;47101898;[MW]
12;2583.1148886883375;47101898;[IR]
18;2556.6749512044726;47101898;[AB]
21;3835.5283946337945;47101898;[IR]
24;2342.334009907176;47101898;[MW]
32;4000.919394669454;47101898;[IR]
15;3812.131591066772;47101898;[MW]
45;3361.7019293459753;47101898;[AB]
141;1537.5476675330565;21185683;[AB]
148;3221.4687543335735;21185683;[AB]
139;3144.7559762637584;21185683;[MW]
142;2489.4668285570406;21185683;[IR]
144;1694.19365236751;21185683;[MW]
147;3017.342476126852;21185683;[MW]
133;2978.94821844389;21185683;[IR]
145;2902.2034942257737;21185683;[AB]
146;2999.8890998296183;21185683;[IR]
129;2006.2448755738321;90975759;[MW]
147;1719.5249188233563;90975759;[MW]
149;1468.1182686588763;90975759;[AB]
124;951.007532610049;90975759;[IR]
142;3045.2457191557623;90975759;[AB]
131;3110.9774059937913;90975759;[AB]
145;3294.3354109357706;90975759;[IR]
138;3987.3221802114026;90975759;[IR]
141;2748.052421471605;90975759;[MW]
104;886.9977679780761;49365000;[IR]
98;2423.3637955089685;49365000;[MW]
117;2216.1555979351942;49365000;[MW]
114;3296.055294714465;49365000;[IR]
101;1057.7474533401696;49365000;[AB]
111;3307.9653507786156;49365000;[AB]
109;2715.3667280982663;49365000;[MW]
88;2189.3549770898535;49365000;[IR]
120;3019.582844181194;49365000;[AB]
88;2216.8238318306117;10891124;[AB]
93;1202.8642891963061;10891124;[MW]
77;3070.9322257425415;10891124;[MW]
91;2184.0972837676854;10891124;[IR]
67;1679.615550617934;10891124;[IR]
83;3751.188734865382;10891124;[IR]
86;2809.7201935616686;10891124;[MW]
80;2912.7269303325634;10891124;[AB]
95;4036.9488140993094;10891124;[AB]
36;1970.2225273833444;50823165;[MW]
29;2984.4001873883312;57119540;[IR]
39;3147.4814554974023;50823165;[IR]
69;2899.5232042118373;57119540;[IR]
46;1511.7594592254177;50823165;[AB]
44;2148.1677172224317;50823165;[MW]
25;3486.343828571271;50823165;[IR]
42;3722.709063508129;50823165;[AB]
77;3344.3550667461504;57119540;[AB]
57;2610.999765144241;57119540;[IR]
53;3154.6740053609237;57119540;[AB]
38;2654.5019144254834;50823165;[AB]
73;3183.6803145756166;57119540;[MW]
65;2417.0022405871;57119540;[AB]
40;2763.2091710039663;50823165;[MW]
41;2285.1226422060613;57119540;[MW]
43;438.43526520950945;50823165;[IR]
61;766.5353718815481;57119540;[MW]
135;1628.6500753214968;53468735;[AB]
133;2245.4289818739453;53468735;[MW]
131;2630.2715429373293;53468735;[IR]
125;935.0396603346642;53468735;[IR]
129;3261.387491372881;53468735;[AB]
127;2756.6770088310113;53468735;[MW]
122;963.8276578864643;53468735;[MW]
118;2420.5015023440155;53468735;[IR]
123;2480.380815308884;53468735;[AB]
33;1152.547132070984;83989743;[IR]
63;816.8024713219316;83989743;[AB]
47;3982.298056468603;83989743;[MW]
55;1390.9754926846008;83989743;[IR]
59;3532.876310434544;83989743;[MW]
75;1676.1385032525993;83989743;[AB]
71;4472.991909681763;83989743;[MW]
67;3633.899051547644;83989743;[IR]
50;3439.3561214184842;83989743;[AB]
126;676.6707028508894;59382395;[AB]
124;3802.272250311081;59382395;[MW]
128;925.2240673801585;59382395;[IR]
136;1680.7334389102539;59382395;[MW]
117;2066.4846505748696;59382395;[IR]
132;2278.7762180839945;59382395;[AB]
137;3830.8276446402224;59382395;[AB]
130;1184.3816027151747;59382395;[MW]
134;1912.230873418534;59382395;[IR]
107;2125.828721512741;78817258;[MW]
110;1589.921689725084;78817258;[MW]
104;1952.524022654434;78817258;[MW]
106;1236.196018474615;78817258;[IR]
109;2261.1962609755788;78817258;[IR]
111;2291.1820510497955;78817258;[AB]
105;3038.47796988335;78817258;[AB]
108;2580.4357571251207;78817258;[AB]
100;1881.2331089491;78817258;[IR]
41;1338.062461399412;46557216;[MW]
33;2696.8243063739787;46557216;[AB]
17;2308.9628844335716;46557216;[IR]
32;2730.226797430324;46557216;[MW]
43;2978.2940843159454;46557216;[AB]
35;3042.4764741543504;46557216;[IR]
40;3307.000651151281;46557216;[IR]
38;3069.36954225874;46557216;[AB]
37;3802.539188827508;46557216;[MW]
81;1943.4301712626939;72267775;[AB]
91;2130.957504653387;72267775;[IR]
87;2534.9152161051074;72267775;[MW]
89;4008.6054943421796;72267775;[AB]
77;1237.7637200071715;72267775;[MW]
63;3569.1949813171595;72267775;[IR]
93;1493.1699167368013;72267775;[MW]
85;2371.4936989856837;72267775;[IR]
95;4056.3406002506435;72267775;[AB]
68;1920.4433157702526;77739301;[MW]
69;1181.9809802208574;77739301;[AB]
62;762.0262702583714;77739301;[IR]
76;2047.1745218388824;77739301;[MW]
70;3062.5309831384207;77739301;[IR]
73;4018.911393927178;77739301;[AB]
75;2478.558519830615;77739301;[IR]
78;2921.2800505136915;77739301;[AB]
72;4700.965438602019;77739301;[MW]
90;2692.1736719804207;14233260;[AB]
83;3979.839694839864;14233260;[AB]
96;1873.3355542649704;14233260;[AB]
66;2882.2779530367443;14233260;[IR]
88;2506.016232826125;14233260;[MW]
79;1818.8416685046611;14233260;[MW]
86;1015.1950495292933;14233260;[IR]
94;4064.4884980571633;14233260;[MW]
92;2656.5122885107903;14233260;[IR]
47;2620.9734391993366;24132339;[AB]
50;3461.60400672481;24132339;[AB]
39;3301.4087742654356;24132339;[MW]
44;1794.3607795487922;24132339;[IR]
48;1419.3488525727673;24132339;[IR]
49;1293.156197038361;24132339;[MW]
42;2841.361553350482;24132339;[AB]
23;3175.688226636861;24132339;[IR]
45;3164.136037954865;24132339;[MW]
145;847.0869685273412;53503131;[AB]
142;736.7559538160049;53503131;[AB]
148;636.769202750002;53503131;[AB]
143;780.5981643263292;53503131;[IR]
144;4570.963656089935;53503131;[MW]
134;1302.212088967441;53503131;[IR]
141;2357.9130161345342;53503131;[MW]
146;1438.9223092157877;53503131;[IR]
147;2922.689684955985;53503131;[MW]
41;582.9829129165263;13264396;[MW]
49;2489.5843617537325;13264396;[MW]
46;782.0812344702341;13264396;[MW]
57;3178.734215076463;81164048;[IR]
54;1152.5365199239527;81164048;[IR]
17;2062.070952600978;13264396;[IR]
47;3994.419474961135;13264396;[AB]
45;2142.1317979761125;13264396;[IR]
50;1615.628629037068;13264396;[AB]
48;1424.5173539417585;13264396;[IR]
44;3573.438008271278;13264396;[AB]
28;1566.729037574894;81164048;[IR]
56;3677.7370278666003;81164048;[AB]
55;1424.183932413176;81164048;[MW]
58;2433.690128087139;81164048;[MW]
59;4162.183661976745;81164048;[AB]
53;1112.311536552893;81164048;[AB]
52;2074.495059999388;81164048;[MW]
72;2928.892766906318;48566668;[MW]
76;1907.771343448102;48566668;[MW]
80;3126.628188841858;48566668;[IR]
82;3249.411558804307;48566668;[AB]
73;2006.614375806688;48566668;[AB]
70;1226.1788772404402;48566668;[IR]
75;2999.4702224602443;48566668;[IR]
78;3955.4627958646856;48566668;[AB]
81;3465.9153545921927;48566668;[MW]
40;3471.788589526135;21593189;[AB]
22;685.1155041975204;21593189;[IR]
27;2975.1002894680837;21593189;[AB]
32;1771.4856895058992;21593189;[MW]
36;2585.811362477815;21593189;[IR]
25;1911.689311956444;21593189;[MW]
34;4994.9234077072615;21593189;[AB]
30;2348.3415134096535;21593189;[IR]
38;3556.5308038345015;21593189;[MW]
103;2123.0474803913207;13573280;[IR]
97;264.8647903047811;13573280;[IR]
90;3604.90866863233;13573280;[IR]
39;2652.972026446489;45567723;[AB]
35;2032.7766172816291;45567723;[IR]
20;409.11255672004614;45567723;[IR]
37;2582.156984698773;45567723;[MW]
33;1889.805007191265;45567723;[AB]
31;473.36849499540904;45567723;[MW]
24;1178.8518942977132;45567723;[MW]
26;3335.1585879669115;45567723;[AB]
29;2728.251688999283;45567723;[IR]
101;3934.3693516542985;13573280;[AB]
93;1908.647849876;13573280;[MW]
105;3182.088145921848;13573280;[MW]
107;2306.695631634433;13573280;[AB]
99;2839.9301434311215;13573280;[MW]
95;1859.864986066951;13573280;[AB]
139;1573.7095509759351;86345102;[AB]
132;1518.0772955652947;86345102;[MW]
138;2490.565165200891;86345102;[MW]
134;3674.880495194838;86345102;[IR]
137;1897.2661057173277;86345102;[IR]
133;3493.523387011772;86345102;[AB]
135;4278.109490150317;86345102;[MW]
136;2700.331359265765;86345102;[AB]
130;2149.0931610581124;86345102;[IR]
118;1944.9652452650728;92195521;[AB]
123;1219.004411659459;92195521;[MW]
122;716.6826031649234;92195521;[IR]
115;2090.351868973617;92195521;[IR]
117;2777.7403658278167;92195521;[MW]
121;3508.014785467917;92195521;[AB]
119;2924.235537769794;92195521;[IR]
120;2971.6667402426574;92195521;[MW]
124;2582.7744197063566;92195521;[AB]
146;2976.8969018199145;18902686;[AB]
142;2539.0811804085665;18902686;[AB]
143;1069.2961761823346;18902686;[IR]
141;1478.54658781561;18902686;[MW]
145;2326.796880278214;18902686;[MW]
147;1822.3190389397275;18902686;[IR]
148;2286.174076978321;18902686;[MW]
149;3844.8296844116985;18902686;[AB]
131;1582.3860659604713;18902686;[IR]
134;819.5257809840792;44792775;[AB]
131;2519.095273761919;44792775;[AB]
126;1560.4427566091533;44792775;[AB]
130;2101.2614075093325;44792775;[MW]
125;1761.0516532221427;44792775;[MW]
133;3230.2055296065164;44792775;[MW]
129;1618.8580057169436;44792775;[IR]
132;3894.3631034353457;44792775;[IR]
112;2658.1832568958657;44792775;[IR]
151;808.1059557741552;17199001;[AB]
156;626.8743267056259;17199001;[MW]
152;2016.3546544813642;17199001;[IR]
143;2751.971169686505;17199001;[MW]
153;2630.0437640545897;17199001;[MW]
155;4204.20446221911;17199001;[IR]
139;3175.4845629164797;17199001;[IR]
154;2982.3597417110177;17199001;[AB]
157;3092.650701412421;17199001;[AB]
39;1991.8346131151013;3073141;[MW]
40;1374.0141661147563;3073141;[AB]
42;2959.3245211330795;3073141;[MW]
41;341.84500299067906;3073141;[IR]
45;5933.510816926229;3073141;[MW]
44;2339.8852078165887;3073141;[IR]
43;2417.0064697744374;3073141;[AB]
46;3084.4930059179187;3073141;[AB]
23;606.3644270372452;3073141;[IR]
53;70.20176034298089;57033550;[IR]
61;2298.370075940931;57033550;[AB]
24;1376.2753690452516;57033550;[IR]
60;1976.3879936511523;57033550;[MW]
57;2374.6492565521803;57033550;[AB]
51;3473.7946547769666;57033550;[AB]
48;2918.4480990947327;57033550;[MW]
59;1203.3661052040052;57033550;[IR]
55;3553.5749975737604;57033550;[MW]
79;3722.9055980932853;93520386;[MW]
74;1869.2551745369888;93520386;[AB]
75;1265.2207757650704;93520386;[IR]
78;1245.7734040885957;93520386;[IR]
76;850.3928281517547;93520386;[MW]
80;1596.3296382110593;93520386;[AB]
72;3734.144138996431;93520386;[MW]
77;1091.28793070568;93520386;[AB]
67;2418.5162095886976;93520386;[IR]
148;1890.098788239111;96251621;[AB]
147;2192.3251617332144;96251621;[MW]
145;1930.8018829494738;96251621;[AB]
141;5344.19312438794;96251621;[AB]
142;978.0161265621848;96251621;[IR]
138;1384.2254402403294;96251621;[IR]
140;2879.9570681442683;96251621;[MW]
146;2315.7790593463083;96251621;[IR]
144;1782.739599790811;96251621;[MW]
102;2445.7587166207295;54074523;[MW]
107;3118.2363664290497;54074523;[IR]
105;3763.997066322497;54074523;[MW]
103;2676.03609526558;54074523;[AB]
109;2926.1754211793473;54074523;[AB]
100;2320.8206850213064;54074523;[IR]
104;3790.6963667975224;54074523;[IR]
108;1639.2735752663616;54074523;[MW]
106;2567.649650351497;54074523;[AB]
67;2746.798158327348;58661354;[AB]
44;3788.7164252787334;58661354;[IR]
72;1551.5853976737833;58661354;[MW]
78;2114.533906246975;58661354;[AB]
52;3527.8432331533586;58661354;[MW]
70;3135.6910055106305;58661354;[IR]
60;2957.785057329477;58661354;[IR]
62;2386.5040017605647;58661354;[MW]
54;2487.391191259477;58661354;[AB]
147;1045.1588334828016;56410784;[AB]
142;3154.2899858213486;56410784;[AB]
136;2376.3369876960955;56410784;[AB]
41;2834.80844151131;36573180;[IR]
48;894.5849539968353;36573180;[AB]
43;2001.3356058720947;36573180;[MW]
53;3313.551951708532;36573180;[MW]
55;1995.7641583986112;36573180;[AB]
51;1604.5770426314398;36573180;[IR]
63;3138.4990964631265;36573180;[MW]
59;3059.0597033024674;36573180;[IR]
64;1476.1103849238139;36573180;[AB]
140;2642.6279512335886;56410784;[MW]
132;2448.5913326304803;56410784;[MW]
138;2672.2861396942203;56410784;[IR]
143;3083.6161054947625;56410784;[IR]
144;2439.189435302318;56410784;[MW]
128;2884.4932017397546;56410784;[IR]
35;1220.786317987121;81176707;[AB]
29;1247.094039026389;81176707;[AB]
32;1380.1561561683789;81176707;[AB]
34;372.04543576594074;81176707;[MW]
28;2569.5560485049436;81176707;[MW]
33;703.004890739259;81176707;[IR]
15;1176.4273324052842;81176707;[IR]
30;3764.9554157345947;81176707;[IR]
31;2815.980254365116;81176707;[MW]
86;1473.115228138879;55072047;[IR]
105;3372.9300412588514;55072047;[MW]
84;495.97625876611517;55072047;[AB]
90;1261.5469885493549;55072047;[MW]
107;3265.1677303317565;55072047;[AB]
100;1960.3065605351937;55072047;[IR]
93;2996.063884526372;55072047;[AB]
75;4159.3540575520365;55072047;[IR]
80;2701.392167175476;55072047;[MW]
91;2660.4168380142864;15103786;[AB]
85;3475.9185501359834;15103786;[IR]
94;1499.024297871211;15103786;[MW]
92;1971.2373980084742;15103786;[IR]
97;1731.6221384481908;15103786;[MW]
95;2505.584668813492;15103786;[AB]
89;2332.299080443653;15103786;[MW]
98;4068.6181956480505;15103786;[AB]
96;1630.9871558724392;15103786;[IR]
129;1984.3905644078395;79847775;[AB]
126;3582.504635737607;79847775;[AB]
123;3762.964059658385;79847775;[AB]
122;4460.122026160436;79847775;[MW]
127;3190.0125270803765;79847775;[IR]
124;3243.700091155819;79847775;[IR]
125;1438.0240662852902;79847775;[MW]
128;2789.427018883006;79847775;[MW]
119;1926.5285436298;79847775;[IR]
105;3312.7425649353427;77519743;[MW]
101;3545.529096442405;77519743;[MW]
108;2270.6641849890557;77519743;[IR]
107;1846.9462345376398;77519743;[AB]
110;3646.682195566208;77519743;[MW]
103;3101.6533851639824;77519743;[AB]
112;1439.898006231199;77519743;[AB]
104;1695.8813016297179;77519743;[IR]
96;2976.857213625205;77519743;[IR]
144;1894.708985532627;60074311;[MW]
145;3505.8484719729713;60074311;[AB]
143;1056.2959747539874;60074311;[IR]
146;3590.0057334933226;60074311;[IR]
141;2108.135008894022;60074311;[MW]
148;2758.37770299498;60074311;[AB]
147;493.8020806976626;60074311;[MW]
137;1548.1244978108136;60074311;[IR]
142;3205.8621040046414;60074311;[AB]
50;889.9807035111459;95665828;[MW]
57;2328.6142722144286;95665828;[MW]
55;1885.8045807114365;95665828;[IR]
65;3045.6838381493308;95665828;[AB]
27;2375.6620509010236;95665828;[IR]
52;3360.329680534767;95665828;[AB]
60;4985.072184427408;95665828;[AB]
62;1211.7490312987907;95665828;[IR]
64;2859.353774513778;95665828;[MW]
46;2457.150314367866;66284605;[AB]
34;5085.832737124067;66284605;[AB]
45;2013.9966545656646;66284605;[MW]
42;3865.9080348963125;66284605;[IR]
25;1744.1064561013422;66284605;[IR]
38;694.2008819344425;66284605;[MW]
32;2616.664632883933;66284605;[MW]
36;964.279923994244;66284605;[IR]
40;3740.9733096809155;66284605;[AB]
136;2668.78543779001;98658828;[IR]
132;858.0703741680976;98658828;[AB]
133;1941.0444965472975;98658828;[IR]
139;1978.6847266566579;98658828;[AB]
131;1590.8493080930696;98658828;[MW]
138;3749.301872691174;98658828;[MW]
134;1533.9236176020024;98658828;[MW]
135;2694.5322881075767;98658828;[AB]
121;1872.7928453772306;98658828;[IR]
76;3638.576154628189;62125323;[IR]
98;1710.2060791592512;62125323;[AB]
92;2411.451708450533;62125323;[AB]
95;2190.8851097643565;62125323;[AB]
93;2799.048262820745;62125323;[IR]
94;4390.26490580206;62125323;[MW]
88;4037.5728008427786;62125323;[MW]
97;1565.7345893873503;62125323;[MW]
96;2482.747765796655;62125323;[IR]
110;3412.4654524893035;96310214;[IR]
124;2332.771306798077;96310214;[IR]
135;1883.8610840503227;96310214;[IR]
130;2520.15913736252;96310214;[AB]
139;3962.2198928941757;96310214;[AB]
137;3808.891784495251;96310214;[MW]
119;2647.936948691725;96310214;[MW]
127;2545.0806836302822;96310214;[MW]
120;2654.5917123772197;96310214;[AB]
138;4129.0419460409685;99648767;[MW]
146;2665.722933885599;99648767;[MW]
143;2412.214039859889;99648767;[IR]
141;2598.384526390453;99648767;[AB]
136;3430.6851769938066;99648767;[IR]
133;1851.9225746574548;99648767;[AB]
148;3440.912033429025;99648767;[AB]
132;3001.9178693570047;99648767;[MW]
122;3562.158929304847;99648767;[IR]
37;2957.8842474233943;28257510;[AB]
43;3666.9241607171025;28257510;[AB]
33;3627.5519629396304;28257510;[IR]
39;1807.524371296328;28257510;[IR]
29;2842.099558056758;28257510;[MW]
41;3842.2828527205183;28257510;[MW]
24;1700.0182860991467;28257510;[IR]
31;3894.6694364542304;28257510;[AB]
35;2168.540558664444;28257510;[MW]
106;2627.797999975211;17746207;[MW]
105;1705.5885549001223;17746207;[IR]
109;2891.872001253136;17746207;[MW]
103;3749.883867490526;17746207;[MW]
107;3570.855587566761;17746207;[AB]
110;2742.2663490083773;17746207;[AB]
108;4357.881629637968;17746207;[IR]
100;2959.7778908685095;17746207;[IR]
104;3224.1093964067686;17746207;[AB]
71;1710.9538170719552;19667491;[MW]
69;3338.3193494938014;19667491;[AB]
63;2532.205311054363;19667491;[AB]
56;4583.866870707152;19667491;[IR]
65;2245.9893621061046;19667491;[IR]
68;2878.928180759486;19667491;[MW]
62;2137.0651687790237;19667491;[MW]
72;3006.763971695628;19667491;[AB]
70;2909.9390955010062;19667491;[IR]
57;3236.33887131806;66781024;[AB]
55;3547.2551530294704;66781024;[MW]
61;4923.893392477579;66781024;[MW]
63;2497.3654812735876;66781024;[AB]
59;3060.201621604;66781024;[IR]
21;1674.0772072794057;66781024;[IR]
51;1981.1096197657052;66781024;[AB]
49;1412.9652303351577;66781024;[MW]
53;3362.94490841521;66781024;[IR]
135;2564.952095895162;20193020;[MW]
136;3406.1306559778473;20193020;[AB]
133;1808.213666245455;20193020;[IR]
132;2705.773663077848;20193020;[AB]
140;2884.814351978941;20193020;[AB]
139;3799.148289601505;20193020;[MW]
130;2799.560819465369;20193020;[MW]
138;1560.0944490212034;20193020;[IR]
122;2484.415214770984;20193020;[IR]
125;2391.1629935436085;55127101;[IR]
137;3102.2748961030316;55127101;[MW]
144;308.0169356363426;55127101;[MW]
148;3446.338136140774;55127101;[AB]
142;1199.9466651325515;55127101;[IR]
145;2302.8059420339255;55127101;[AB]
146;843.1838618937843;55127101;[IR]
147;1622.9731629847022;55127101;[MW]
141;1894.088691521259;55127101;[AB]
85;1374.6584747377085;95927740;[MW]
86;4114.9656876760555;95927740;[AB]
81;2584.3735145834853;95927740;[IR]
80;4745.374728364386;95927740;[AB]
75;3354.1835149928424;95927740;[IR]
82;2194.987861898123;95927740;[MW]
78;2538.690111902478;95927740;[MW]
83;2165.6020504273242;95927740;[AB]
84;1739.3323701745624;95927740;[IR]
100;268.64456046643284;84219314;[AB]
94;3659.6940361801812;84219314;[AB]
96;342.57487071676735;84219314;[MW]
93;795.3993843073529;84219314;[MW]
99;1770.3872251537769;84219314;[MW]
97;787.9161154030296;84219314;[AB]
95;3501.149126395265;84219314;[IR]
90;1901.8503994167395;84219314;[IR]
98;2541.070717807904;84219314;[IR]
57;3487.988272889378;60477868;[AB]
69;2376.0054867295803;60477868;[AB]
59;2876.5919721682735;60477868;[IR]
36;1355.3487051850555;60477868;[MW]
63;1544.8908442694806;60477868;[AB]
27;2009.007273932277;60477868;[IR]
65;2160.371878514978;60477868;[IR]
61;4407.979732590912;60477868;[MW]
67;3327.943642365455;60477868;[MW]
108;1493.309361041433;50986949;[MW]
102;1285.325221151377;50986949;[MW]
105;2391.214350762242;50986949;[MW]
144;2682.17382510165;82587514;[MW]
143;2346.617169762967;82587514;[IR]
145;2120.612949439397;82587514;[AB]
141;963.5350333064561;82587514;[MW]
147;1625.42389143736;82587514;[MW]
136;4836.839136163139;82587514;[IR]
148;2937.799747646754;82587514;[AB]
146;2825.8767436319113;82587514;[IR]
142;1687.6371799123772;82587514;[AB]
104;1282.2703121761933;50986949;[IR]
103;2650.500563143935;50986949;[AB]
109;2741.753198420636;50986949;[AB]
107;4815.137299955402;50986949;[IR]
106;1926.7049353277507;50986949;[AB]
100;1848.165162273188;50986949;[IR]
28;853.3887808347697;9818033;[IR]
35;1495.7410006387418;9818033;[MW]
43;2521.728143577628;9818033;[AB]
38;3195.45441350266;9818033;[IR]
37;1275.5005580147636;9818033;[AB]
42;2597.6742231982084;9818033;[MW]
39;2435.1547565327014;9818033;[MW]
41;4038.179061579361;9818033;[IR]
40;5354.878744402798;9818033;[AB]
124;1626.6871400619434;28647032;[AB]
123;1897.966390278021;28647032;[MW]
115;3948.6555199404415;28647032;[IR]
120;3291.1505810927347;28647032;[MW]
121;2067.048902152365;28647032;[AB]
119;1951.9557434518167;28647032;[IR]
118;2347.1597778883756;28647032;[AB]
122;2304.3095359797635;28647032;[IR]
117;2064.569061073169;28647032;[MW]
75;1986.7894978883714;35697600;[IR]
45;2844.6467036023505;35697600;[IR]
77;386.5019010165579;35697600;[AB]
79;3487.8659593442744;35697600;[MW]
80;639.2846454052393;35697600;[AB]
76;399.09999371641663;35697600;[MW]
73;1080.1893611052406;35697600;[MW]
78;1155.381482571639;35697600;[IR]
74;2121.2183615429362;35697600;[AB]
89;1399.0866023880228;82334564;[AB]
92;2549.147222157885;82334564;[AB]
94;1425.1132822532836;82334564;[MW]
95;3141.9288153542016;82334564;[AB]
91;1902.7255510477585;82334564;[MW]
88;3142.24777504662;82334564;[MW]
93;1848.1492633912644;82334564;[IR]
90;1811.8625656238673;82334564;[IR]
81;2436.1054533337447;82334564;[IR]
133;1200.517524189839;41783123;[IR]
134;2889.454614016813;41783123;[MW]
139;947.1695447301245;41783123;[AB]
135;1373.0515325638469;41783123;[AB]
131;2590.1874591780675;41783123;[MW]
137;3079.230373917505;41783123;[IR]
132;2523.993351900636;41783123;[AB]
130;2475.994458235575;41783123;[IR]
138;2232.1445941637435;41783123;[MW]
39;3012.201027330036;86698987;[IR]
46;2581.949947262618;86698987;[AB]
44;4195.291142157306;86698987;[MW]
36;3593.2785711546735;86698987;[AB]
28;3368.2580667893717;86698987;[IR]
51;2787.859887555286;86698987;[MW]
48;1412.5298866966043;86698987;[IR]
54;3105.8378496745204;86698987;[AB]
32;1963.7538837661587;86698987;[MW]
27;837.1462577551406;61322070;[IR]
50;3398.143060758541;61322070;[IR]
41;2814.3918472083114;61322070;[IR]
78;3290.841581451531;30682158;[AB]
30;962.9622329658375;30682158;[IR]
69;2526.5900540800803;30682158;[AB]
77;1699.2058948066392;30682158;[MW]
71;1778.9589830693849;30682158;[MW]
70;2716.7224010502046;30682158;[IR]
76;3412.477992801925;30682158;[IR]
68;3998.438844557133;30682158;[MW]
73;3309.9139781939634;30682158;[AB]
140;2761.5401895416544;60896713;[IR]
145;776.4399710077265;60896713;[AB]
148;1765.3155677538045;60896713;[AB]
143;1771.374949357327;60896713;[IR]
147;3566.4385753682905;60896713;[MW]
146;3707.688693843195;60896713;[IR]
144;3446.454494057779;60896713;[MW]
142;1205.5881202287592;60896713;[AB]
141;1076.3065672473217;60896713;[MW]
42;1928.8794583264012;59672208;[MW]
52;1878.8186502266944;59672208;[MW]
26;1755.3708251824723;59672208;[IR]
37;2626.3778548993682;59672208;[AB]
55;1134.5542307690805;59672208;[AB]
49;1388.5918480952664;59672208;[IR]
33;2468.271937328809;59672208;[MW]
45;3876.5997924554113;59672208;[AB]
40;4042.0731616602916;59672208;[IR]
47;2800.1794284642856;61322070;[AB]
34;2454.725425906599;61322070;[MW]
43;2049.4875678494514;61322070;[MW]
56;2838.4412939544227;61322070;[AB]
53;2945.76898848036;61322070;[MW]
25;2794.504132093415;45645560;[IR]
38;2986.6864160903256;61322070;[AB]
62;1149.0723054994219;45645560;[IR]
35;517.4142401590788;45645560;[AB]
65;1685.8971623845543;45645560;[AB]
59;2226.9058200522695;45645560;[MW]
31;2770.2212926279376;45645560;[MW]
58;2150.621009863801;45645560;[IR]
60;3918.792163763361;45645560;[AB]
63;2694.200269693162;45645560;[MW]
108;3633.8062426939223;86908547;[IR]
107;4845.8203961156;86908547;[AB]
103;967.6900025849843;86908547;[MW]
109;3204.738888691406;86908547;[MW]
104;2607.5288503876614;86908547;[AB]
110;2721.944397967791;86908547;[AB]
98;2010.751345249601;86908547;[IR]
105;2535.0294805541816;86908547;[IR]
106;1614.9166214579195;86908547;[MW]
86;2184.2483866382404;45255325;[IR]
99;2509.6280068356546;45255325;[AB]
92;2547.9340891947163;45255325;[IR]
91;1690.878865931531;45255325;[AB]
93;2738.3724361164273;45255325;[MW]
95;2762.7615787144573;45255325;[IR]
96;2205.1519930566565;45255325;[MW]
89;2191.6001263608687;45255325;[MW]
94;1759.0525818035362;45255325;[AB]
126;2215.5126230974247;10286322;[IR]
121;2189.8571199550397;10286322;[AB]
123;250.5673184218553;10286322;[MW]
129;1260.7673490405662;10286322;[AB]
128;1175.4379418332448;10286322;[MW]
122;1986.7933795849885;10286322;[IR]
125;3215.572473855156;10286322;[AB]
116;3873.237559808286;10286322;[IR]
119;709.4366330561897;10286322;[MW]
51;3082.34790542726;35670272;[MW]
63;2760.686504792628;35670272;[MW]
40;3214.1331557821773;35670272;[MW]
38;2766.5754987196196;92938109;[MW]
53;1850.4943387075093;92938109;[AB]
32;1811.7074885342697;92938109;[IR]
45;3499.1945975653207;92938109;[IR]
57;1374.5990269894332;92938109;[IR]
61;3948.1792758847982;92938109;[MW]
41;2439.262812383691;92938109;[AB]
49;3781.322308247569;92938109;[MW]
65;3149.142974293248;92938109;[AB]
59;931.385968668691;35670272;[IR]
31;1831.364609904028;35670272;[IR]
55;3838.014875124322;35670272;[AB]
43;879.2111911823795;35670272;[AB]
67;3552.7345060440744;35670272;[AB]
46;3321.702502075007;35670272;[IR]
131;3265.39163926374;93930610;[MW]
135;1591.526288494935;93930610;[AB]
132;3397.9051021881687;93930610;[AB]
137;1930.0437669466598;93930610;[MW]
136;1015.5958655717052;93930610;[IR]
133;3473.9815770218524;93930610;[IR]
138;1690.6281028009644;93930610;[AB]
134;3195.2742653870096;93930610;[MW]
122;2626.941912649146;93930610;[IR]
90;616.4904432405539;89090933;[MW]
95;1278.2878611270366;89090933;[AB]
73;2524.2015912401903;89090933;[IR]
91;4822.080406784698;89090933;[AB]
88;1590.9043634253937;89090933;[AB]
92;4415.095678084031;89090933;[IR]
87;2936.2038350066096;89090933;[MW]
94;2142.226408719533;89090933;[MW]
89;2732.0753342003272;89090933;[IR]
35;1502.4619676842278;26170979;[IR]
80;2206.1952527967146;26170979;[IR]
81;2903.1207920066354;26170979;[MW]
77;3069.149231394695;26170979;[MW]
85;1502.3213328597956;26170979;[AB]
84;3015.497763580776;26170979;[MW]
79;1310.882542170268;26170979;[AB]
82;3290.533932991285;26170979;[AB]
83;2283.6383592988805;26170979;[IR]
128;2151.2547460614555;94498448;[MW]
121;3958.466999212592;94498448;[MW]
126;4170.387158505252;94498448;[AB]
117;652.8368820547782;94498448;[IR]
124;94.04492351911126;94498448;[IR]
129;3390.568273659545;94498448;[AB]
127;2589.28212405461;94498448;[IR]
125;4704.08774855431;94498448;[MW]
123;2753.0654047102335;94498448;[AB]
64;2064.680201270026;80987529;[MW]
60;1901.157521968696;80987529;[IR]
56;300.345848941187;80987529;[AB]
68;2656.9154927007835;80987529;[AB]
48;1810.3958708998798;80987529;[IR]
39;660.2066658766241;80987529;[MW]
52;2400.3614410776077;80987529;[MW]
34;2960.6678222514365;80987529;[IR]
44;3182.262895916239;80987529;[AB]
146;1953.9089030963262;5012195;[IR]
144;401.5319619214735;5012195;[MW]
147;1041.23717490871;5012195;[MW]
140;2911.045710047012;5012195;[IR]
145;2037.0390646808014;5012195;[AB]
148;865.5891732644723;5012195;[AB]
142;3327.431262369877;5012195;[AB]
143;1846.497006822583;5012195;[IR]
141;3006.5419669411954;5012195;[MW]
217;2842.3545941388156;46816615;[AB]
220;2337.0057176326923;46816615;[AB]
223;1390.7364953609178;46816615;[AB]
222;3630.2548072192562;46816615;[MW]
215;2592.032162589657;46816615;[IR]
218;3061.4659613864455;46816615;[IR]
219;3532.744309819127;46816615;[MW]
221;2008.8929491393865;46816615;[IR]
216;3728.166320441337;46816615;[MW]
78;3157.4206329686726;24336456;[IR]
70;2460.2844472253573;24336456;[MW]
86;1676.2417192807018;24336456;[MW]
87;2448.688732228574;24336456;[AB]
91;2116.4060036609367;24336456;[MW]
71;2995.3361178031364;24336456;[AB]
93;2049.342509216054;24336456;[AB]
89;1965.836712231171;24336456;[IR]
42;3139.789896915978;24336456;[IR]
191;1910.1963459585857;36696328;[AB]
182;468.63868639753656;36696328;[IR]
184;1741.540508422641;36696328;[MW]
195;1224.2493852469588;36696328;[MW]
188;3214.5120977090123;36696328;[IR]
187;2038.3483146889048;36696328;[AB]
189;3753.0167403602636;36696328;[MW]
197;3036.8366727726957;36696328;[AB]
193;2124.1553133457874;36696328;[IR]
190;1831.2065129024934;96027209;[IR]
201;2879.6702035428534;96027209;[MW]
180;3159.799114292202;96027209;[IR]
183;1398.1896333064194;96027209;[MW]
196;1398.5276168360379;96027209;[AB]
186;3055.465374456155;96027209;[AB]
194;3058.866656994934;96027209;[MW]
203;2532.999822839159;96027209;[AB]
199;4468.745514664349;96027209;[IR]
161;1102.3968273635164;17594264;[MW]
158;3076.651772369698;17594264;[IR]
152;2282.911404547661;17594264;[MW]
157;1261.1226774964348;17594264;[AB]
147;3322.117598191496;17594264;[IR]
170;3515.5548779182755;17594264;[AB]
169;3239.306815956549;17594264;[MW]
163;3151.1097886039033;17594264;[AB]
167;1206.2957340865441;17594264;[IR]
156;1805.6758575039526;38125668;[IR]
68;1487.0062907901122;38125668;[IR]
125;914.7729427990167;38125668;[IR]
130;2230.805653612558;38125668;[MW]
115;3514.417913565003;38125668;[AB]
94;3561.0739669767704;38125668;[MW]
165;3111.278170374211;38125668;[MW]
170;2179.27741049089;38125668;[AB]
136;3635.533080822499;38125668;[AB]
63;1784.4556228676743;91793028;[AB]
69;3012.914987757667;91793028;[AB]
65;1567.9175096698652;91793028;[IR]
67;2251.327589814222;91793028;[MW]
54;3548.644067177038;91793028;[MW]
60;4008.7554046043188;91793028;[MW]
41;4375.751360046086;91793028;[IR]
59;2180.9098693556525;91793028;[IR]
56;1516.3591185222353;91793028;[AB]
205;2106.5228325681137;84722000;[IR]
208;1594.8499628313475;84722000;[IR]
211;1847.7850904838238;84722000;[IR]
12;1380.4984086279449;11225639;[AB]
9;198.33285531941132;11225639;[AB]
15;1826.053296728409;11225639;[AB]
101;2493.6309646136388;68810028;[IR]
118;3473.359217056705;68810028;[MW]
104;3541.9985755075345;68810028;[MW]
123;1276.4880851323808;68810028;[AB]
111;1358.4194383182441;68810028;[IR]
127;3228.684862079741;68810028;[IR]
131;1836.8420257112314;68810028;[MW]
107;705.9301434713362;68810028;[AB]
137;2136.804026911012;68810028;[AB]
10;2318.9254367271687;11225639;[IR]
8;2533.209950788906;11225639;[MW]
7;841.0090414424619;11225639;[IR]
11;4058.1135418937993;11225639;[MW]
14;2544.381431901654;11225639;[MW]
13;3090.6635141786956;11225639;[IR]
71;1332.0534951232178;71022619;[MW]
82;2408.336989096088;71022619;[MW]
75;2992.452465906907;71022619;[MW]
212;3726.3910835863703;84722000;[MW]
213;2608.130884890227;84722000;[AB]
209;2223.5384895524903;84722000;[MW]
210;3080.145775529667;84722000;[AB]
207;3367.311033301164;84722000;[AB]
206;2850.597818333188;84722000;[MW]
139;926.2637795911722;84721490;[IR]
145;428.5871974672995;84721490;[IR]
128;1388.7572223914003;84721490;[IR]
148;2635.3228323506128;84721490;[AB]
134;1656.660246421362;84721490;[MW]
146;1388.986163440047;84721490;[MW]
136;2256.0111409836277;84721490;[AB]
144;2536.1678271742385;84721490;[AB]
142;1794.347338064337;84721490;[MW]
100;368.84915247138485;27977238;[MW]
151;1309.7227857786643;27977238;[AB]
142;2488.26786627013;27977238;[IR]
159;2859.491099389359;27977238;[IR]
72;3790.7914147054385;27977238;[IR]
168;3034.4244720071406;27977238;[MW]
119;4312.585383945154;27977238;[AB]
172;2744.4684500124467;27977238;[AB]
147;2199.682682030035;27977238;[MW]
72;1346.762467807752;71022619;[AB]
73;2595.535797406066;71022619;[IR]
70;1949.538938521352;71022619;[IR]
78;3317.9335480378427;71022619;[IR]
76;2944.495357756756;71022619;[AB]
86;1973.314559044954;71022619;[AB]
213;2548.2333950311377;52645572;[MW]
215;2654.095503900282;52645572;[AB]
196;2965.2062240814776;52645572;[IR]
205;2304.901780851384;52645572;[IR]
211;2194.954604988307;52645572;[AB]
206;992.2138429637404;52645572;[MW]
212;2472.36797208387;52645572;[IR]
204;3684.442689423354;52645572;[AB]
201;3627.4413188211774;52645572;[MW]
63;1148.5738500060456;47284881;[MW]
56;2499.1822699103986;47284881;[MW]
45;2153.6457709020997;47284881;[MW]
222;1518.4695260587068;29111175;[MW]
223;902.2620160971073;29111175;[AB]
218;1493.2995259861086;29111175;[IR]
216;3247.9862781057004;29111175;[MW]
215;966.3046891533431;29111175;[IR]
220;2302.433420516579;29111175;[AB]
219;2105.3263555462413;29111175;[MW]
221;2684.3353291321864;29111175;[IR]
217;3549.4351022541364;29111175;[AB]
43;2314.8278071607265;48563132;[MW]
49;3719.891218257793;48563132;[MW]
42;2878.926408841393;48563132;[IR]
51;2328.613726215006;48563132;[AB]
41;2550.62364833468;48563132;[AB]
46;1924.3736211030878;48563132;[IR]
44;2457.940574098201;48563132;[AB]
40;1339.7783395341264;48563132;[MW]
33;1340.9562835148595;48563132;[IR]
228;3260.663781240128;80658337;[AB]
222;2605.147438182942;80658337;[AB]
234;1629.0389449127906;80658337;[AB]
153;2569.114173816212;66587197;[IR]
230;3410.0265012540676;80658337;[IR]
232;1973.4169600224893;80658337;[MW]
220;2811.956549275312;80658337;[MW]
224;2349.2640260774856;80658337;[IR]
88;3059.0690804955157;66587197;[MW]
209;2231.1653297228677;80658337;[IR]
162;661.2664314367834;66587197;[MW]
123;2677.791781184994;66587197;[IR]
108;2998.6097777348864;66587197;[AB]
226;3253.465315106826;80658337;[MW]
132;3163.1798151024277;66587197;[AB]
73;2437.216683372009;66587197;[IR]
166;2426.3769331825742;66587197;[AB]
128;2239.4613730180336;66587197;[MW]
114;494.7360097182175;16257157;[AB]
120;2237.9263660962783;16257157;[AB]
123;1986.2077045235403;16257157;[AB]
141;3910.247570962145;6401982;[AB]
150;1538.2352490282503;6401982;[IR]
149;1405.174251122944;6401982;[AB]
140;292.0154392520278;6401982;[MW]
147;4563.437621426269;6401982;[MW]
163;2563.303175116178;6401982;[AB]
143;2938.5091086053767;6401982;[IR]
119;3255.7039954225143;6401982;[IR]
160;3415.6839502060325;6401982;[MW]
202;861.0445346129051;66624055;[MW]
213;1280.4807795709714;66624055;[AB]
211;2532.8556652280777;66624055;[IR]
206;384.981343835806;66624055;[AB]
212;3726.2099888043017;66624055;[MW]
76;3985.7994473402455;66624055;[IR]
197;3188.5390564305726;66624055;[IR]
194;2999.415991669483;66624055;[AB]
190;2208.8820751093776;66624055;[MW]
156;2163.031363378397;93220497;[MW]
162;1778.5740843776762;93220497;[AB]
153;3494.287461986794;93220497;[AB]
152;2879.950045866297;93220497;[MW]
142;1900.9610199072401;93220497;[IR]
158;1744.7198338179091;93220497;[IR]
157;3172.588425502768;93220497;[AB]
154;3202.8917377787343;93220497;[IR]
159;3803.706731160954;93220497;[MW]
170;1713.308495373508;11881594;[AB]
173;1886.4095945170582;11881594;[AB]
167;2272.626216560229;11881594;[AB]
121;1068.7179505808022;16257157;[IR]
112;4061.7366420123435;16257157;[MW]
117;2111.908690978118;16257157;[MW]
116;1725.8747495973073;16257157;[IR]
122;4495.749132380822;16257157;[MW]
104;1297.0439600053803;16257157;[IR]
198;4006.870600542345;46477910;[AB]
195;332.81709592770835;46477910;[IR]
197;2174.9757074626978;46477910;[MW]
207;2096.6363229923263;46477910;[IR]
202;1667.8870188713863;46477910;[MW]
203;1646.2226230379172;46477910;[AB]
208;4008.508053596651;46477910;[MW]
199;2830.667542207649;46477910;[IR]
214;2743.8602176968416;46477910;[AB]
169;2240.1974569580884;11881594;[MW]
168;1557.1774989008716;11881594;[IR]
171;3090.2180928895154;11881594;[IR]
166;2702.1674123506787;11881594;[MW]
172;2798.052547555911;11881594;[MW]
161;2291.96435766534;11881594;[IR]
111;2006.3864939623636;60305120;[MW]
122;2601.6512364603313;60305120;[AB]
133;1109.16865778297;60305120;[IR]
134;842.7443488003389;60305120;[MW]
106;4107.612588652957;60305120;[IR]
65;2943.106229961693;60305120;[IR]
138;3565.320258174379;60305120;[AB]
103;2218.604729092348;60305120;[AB]
84;3691.921735155766;60305120;[MW]
65;3149.22835993679;47284881;[AB]
34;2331.0569975837716;47284881;[IR]
60;1669.649881807644;47284881;[IR]
57;1393.2789484367688;47284881;[AB]
50;3825.967694834743;47284881;[AB]
54;2927.038227832562;47284881;[IR]
79;2348.240521570274;74094054;[MW]
81;1020.4018249088576;74094054;[AB]
83;2407.33384009348;74094054;[IR]
85;3376.0919153748778;74094054;[AB]
77;2714.482051815072;74094054;[IR]
84;3409.0475049146144;74094054;[MW]
90;1789.5546013250814;74094054;[AB]
89;2561.298198050517;74094054;[MW]
88;4560.702836249395;74094054;[IR]
31;2257.408183005981;46757650;[IR]
69;3089.6731058790556;46757650;[MW]
74;2565.6214607559864;46757650;[AB]
48;4098.702047582238;46757650;[AB]
66;3513.693114199205;46757650;[AB]
61;2589.1338381144383;46757650;[MW]
58;3451.8370103202733;46757650;[IR]
67;1831.6666590327463;46757650;[IR]
35;2023.501929827417;46757650;[MW]
126;2441.112106866575;99912907;[MW]
130;1551.3670556988138;99912907;[AB]
131;2527.263210770355;99912907;[IR]
129;2365.5150859748715;99912907;[MW]
118;3377.191416779991;99912907;[IR]
132;3467.1420690344794;99912907;[MW]
127;3037.4796529088717;99912907;[AB]
128;3854.8119824805667;99912907;[IR]
133;2223.2926801594417;99912907;[AB]
227;250.11455701850352;89146788;[MW]
229;2549.2606372341584;89146788;[AB]
235;3343.0405151257073;89146788;[AB]
219;3009.081318256126;89146788;[MW]
223;4473.953248751263;89146788;[AB]
210;1298.638001384831;89146788;[IR]
231;2267.9877781778027;89146788;[IR]
233;1898.5542337536024;89146788;[MW]
225;1594.902024342865;89146788;[IR]
45;2827.94406303468;91424911;[IR]
94;1410.0650173200688;91424911;[MW]
90;2308.3056235978706;91424911;[AB]
80;5729.4337650507705;91424911;[IR]
92;2457.1445193737545;91424911;[IR]
88;3169.277158672608;91424911;[MW]
73;3196.3392752914847;91424911;[AB]
95;1635.7145351316465;91424911;[AB]
72;2085.918104565018;91424911;[MW]
139;4250.692721671312;73770955;[IR]
175;2909.4340234539504;73770955;[MW]
177;2544.7261574906292;73770955;[AB]
171;2532.787500609969;73770955;[IR]
167;2200.0570088169898;73770955;[AB]
187;1245.8296818149345;73770955;[MW]
192;2471.411230855926;73770955;[AB]
158;2098.292572916801;73770955;[MW]
185;1619.00162068299;73770955;[IR]
66;2702.462888709978;51778925;[IR]
80;2015.9526883284589;51778925;[MW]
127;2183.99073240683;51778925;[AB]
121;3047.872232462592;51778925;[MW]
161;2757.277405417253;51778925;[AB]
89;2919.5359230064787;51778925;[AB]
131;2766.0330350551194;51778925;[IR]
152;2603.5937820710883;51778925;[MW]
107;3932.6245863111726;51778925;[IR]
164;1904.035044470354;85636847;[IR]
189;2839.50729220581;85636847;[AB]
178;2601.720694537345;85636847;[IR]
169;2332.89724557775;85636847;[MW]
155;2030.1976978629204;85636847;[AB]
135;2402.7016780594;85636847;[MW]
114;3944.5115357765158;85636847;[IR]
174;4140.087360057746;85636847;[AB]
183;2579.2429210517885;85636847;[MW]
77;1438.766526580719;73293847;[IR]
83;695.9521293721109;73293847;[AB]
140;863.7509651637581;73293847;[MW]
96;2739.3025536601845;73293847;[MW]
102;2694.787225614733;73293847;[AB]
86;4045.94490970895;73293847;[IR]
145;2790.452474841916;73293847;[AB]
79;1960.9580583666918;73293847;[MW]
118;3838.5885274928874;73293847;[IR]
74;1643.1452958906275;97714978;[IR]
112;2656.3512357701984;97714978;[AB]
95;2823.1036491092127;97714978;[MW]
104;1232.5441363908294;97714978;[MW]
87;1488.779453619956;97714978;[AB]
93;2135.8470043725583;97714978;[IR]
82;2906.480370099011;97714978;[MW]
99;2844.040897998344;97714978;[IR]
98;1891.1021243180994;97714978;[AB]
