651;300.169239611442;1949.8492875095683
943;181.13943711328494;2164.8107631818802
944;180.53890159273593;2164.8107631818802
1154;179.98742755887875;2078.552892547019
76;0.0;1729.629319461736
470;105.84901482021512;2073.0885580175373
249;185.12885546343963;1686.3571828621505
1003;112.49384703426925;1472.7265218730806
108;126.29950084703336;1751.955552458638
270;67.96052739433118;1585.4537236618762
1251;0.0;1762.5207094167138
1141;155.45529126040367;1458.2643273483752
1143;106.99221678743247;1458.2643273483752
543;125.66045043461386;1400.7375679839643
121;182.93481605512173;1930.515120819975
782;180.0302969366814;1970.5618063670267
58;148.16101495821258;1756.168124352339
431;249.09007691742397;2061.7624469849734
802;186.55949261536026;1673.3217111198105
334;282.78070089578006;1653.2446665243635
998;190.67573795397914;1495.3561435994177
174;146.6598146599414;1659.7300335158618
281;159.8474976536183;1628.5473074944618
202;191.54180115360515;1973.7225231322827
922;184.90037098268178;1522.512029988163
456;153.14269483836762;1671.8726028939332
117;296.56767139945407;1763.5981520164464
350;156.40892029437677;1821.3763607313783
662;105.8643498825945;2198.597656211688
381;180.67391683349058;1964.8725104507373
62;459.4582714269094;1459.6935185179605
721;369.65434907788097;1971.2983142163355
476;179.3929870355443;1832.0012344508414
632;121.70955740868877;1554.9231269354666
421;176.65436003406836;1694.6116003949903
37;125.1755650480245;1680.1408357835635
698;331.13637050476297;1772.6952064509574
311;85.89210768333587;1959.297001355152
934;1182.4063887491043;2164.8107631818802
1214;295.1332420637741;2272.840126856632
933;165.96249792136103;2211.3024557092995
68;189.63944384778756;1719.1067856476552
1234;362.5504407883375;1458.6126353261761
1085;199.7826290737402;1412.5620579593553
582;179.11849285751117;2255.228940161546
1135;537.7050537971973;1458.2643273483752
936;342.0400180788971;2211.3024557092995
926;852.036408491817;2211.3024557092995
264;278.28328076811147;1900.0171150506842
90;360.2564633767887;2217.913865430526
746;375.11039473548107;2004.948273275086
794;308.787979996173;1619.927753077183
798;295.7042093724977;1619.927753077183
677;279.2783800223156;1803.0930315761912
197;268.22034943709764;2008.7412295136007
1024;390.2338283447649;1972.662097289327
151;330.06517637242746;2246.9134489755725
1091;269.95711028627187;1935.1842334725668
441;289.40669983385254;1822.3914063787925
154;485.42165066370853;2246.9134489755725
1277;330.4431149569299;1864.45898128765
1153;538.63176513178;2078.552892547019
404;352.5950548323905;1935.1701511103652
894;445.0140357882986;2202.041916252807
304;136.1650238796045;1234.2544975927651
245;359.9812261876097;2210.7285771618126
614;359.293937503133;2367.6027797996535
213;373.8490845542958;2392.1036603382354
652;289.7788628968183;1949.8492875095683
271;276.43467997868703;1585.4537236618762
673;318.22367531494916;1838.9618456444248
915;326.40135072226917;2045.7253881648558
33;306.14750478702877;2199.27155693799
120;338.70752632570134;1930.515120819975
1180;340.1034848468588;1935.8867188200068
44;358.48028038074403;1874.1757347312973
749;306.18352077222596;2001.5174320224653
1138;252.65429201866476;2012.327849586755
1044;309.8705851041837;2474.021984897079
824;336.8516622087159;1548.1613553316622
613;498.3067435979646;2367.6027797996535
162;330.08465837847695;2094.9681998411115
1122;333.3459016344384;1654.1682540810684
604;388.88076602820047;2256.2557767206918
227;330.036289503717;2011.413875598531
388;239.68965397179875;2018.9509903543233
393;236.20807741654363;2018.9509903543233
160;424.09906938753323;2160.6134617154853
738;363.04520539491045;1601.8122109402007
813;373.20455038625596;2751.680912189516
973;300.66685506231204;1978.8158471753457
644;654.668419897956;1949.8492875095683
188;355.88803335974296;2044.1228253740255
1043;327.73059627430433;2474.021984897079
785;655.7027186858799;1619.927753077183
291;336.7889981710274;1783.6649040566426
718;284.2551470610975;1839.6714638917251
763;292.4697674917203;2170.600318501655
658;325.19006729263526;2198.597656211688
855;318.02841665231244;2357.7419154802915
234;323.6324238154535;2204.4414011972212
60;201.41346822565615;1756.168124352339
569;242.31817652540747;1959.914327027198
514;323.081598796588;2033.78504314492
1068;245.28736705224972;1657.4283354526397
40;429.41067680176207;1874.1757347312973
1175;352.16753174194463;2293.0147084387036
532;334.2411779307174;1952.070917564893
884;295.9066980097721;2136.150351436454
98;449.41719174514606;2051.404627908792
1270;464.16058148865875;2506.4849889119487
624;320.3336628531121;1678.4130915160388
903;208.5775892872005;1760.5575080277317
1033;487.5809622188849;2335.713879464685
1051;381.6467942480139;2121.7736946146715
833;398.6053299728538;2188.290053043642
853;368.79472164742;2357.7419154802915
783;227.24335433581524;1970.5618063670267
341;356.6906075671578;1902.308456773134
1171;347.99612977660433;2293.0147084387036
837;244.51761013332165;2188.290053043642
492;272.56865631610964;1312.18490921698
453;424.2717090419477;1671.8726028939332
1250;322.4036280226826;1723.1512049755179
962;311.3915183977853;2052.978107020421
958;475.2649765214371;2134.0885286862294
766;337.0362953338324;2170.600318501655
67;387.8640138397802;1719.1067856476552
1266;349.97307944375564;1842.3908695830673
330;245.4497070544046;1653.2446665243635
1144;852.6400484333781;2078.552892547019
524;344.3322993634458;2165.6469795409885
308;231.1153617356785;1959.297001355152
697;288.3753093409283;1772.6952064509574
1213;336.7922022768622;2272.840126856632
145;744.697148793238;2246.9134489755725
702;362.958470544124;1960.0034289587345
1071;246.04124050378852;1624.4701658823515
433;258.16873908547825;2061.7624469849734
887;327.780282540096;2136.150351436454
1169;425.99085991972345;1966.1776594128673
386;678.3973211133779;2018.9509903543233
379;327.91763635443584;1964.8725104507373
778;167.7118405631645;1478.3642270808944
1264;330.16111968803114;1842.3908695830673
265;788.89013741571;1585.4537236618762
513;219.05827523976427;2033.78504314492
1014;544.9477149954769;2119.1728119525305
963;413.10895540434865;2052.978107020421
1109;321.29956596235974;1982.9815964208929
172;382.72601954344236;1659.7300335158618
606;962.6296132007056;2367.6027797996535
722;343.2068179070258;1971.2983142163355
1110;351.2631467356357;1982.9815964208929
339;415.3074989352274;1902.308456773134
114;995.5323279513128;1930.515120819975
428;840.2666851504225;2061.7624469849734
801;480.2634012650094;1673.3217111198105
972;420.5945627461289;1978.8158471753457
34;706.6407474168465;1874.1757347312973
1037;1239.3934112102806;2474.021984897079
842;904.510141393752;2357.7419154802915
657;1188.436016646142;2198.597656211688
521;531.9753370154162;2165.6469795409885
51;828.2201224497499;1756.168124352339
55;725.9210702566183;1719.1067856476552
774;800.321710857698;1970.5618063670267
793;444.6455445451668;1673.3217111198105
691;656.1517948120363;1772.6952064509574
1205;896.5870326400282;2272.840126856632
450;825.5660995405792;1671.8726028939332
1163;819.5493003385144;2293.0147084387036
753;990.2746539815116;2170.600318501655
953;816.6929710999887;2052.978107020421
305;966.5268856847097;1959.297001355152
376;901.9344121319148;1964.8725104507373
831;876.7175804243564;2188.290053043642
326;741.2081192371552;1653.2446665243635
880;926.9161320785241;2136.150351436454
161;818.5784250313623;1659.7300335158618
36;302.37811623076067;1680.1408357835635
335;604.1913868818559;1902.308456773134
509;669.5313693543229;2033.78504314492
712;847.5868247399079;1971.2983142163355
1100;696.2100725951968;1982.9815964208929
1261;735.7561600973781;1842.3908695830673
517;846.2548171038063;2165.6469795409885
26;722.0611305551641;1680.1408357835635
965;772.0434564026358;1978.8158471753457
741;344.83209876386394;2004.948273275086
89;421.33140841239225;2217.913865430526
681;368.5228871755503;1803.0930315761912
860;419.4669700446806;1728.227752873473
323;285.2646491356766;1689.240270166178
468;506.69426915191775;2073.0885580175373
862;343.5870064857062;1728.227752873473
737;889.0864696930541;2004.948273275086
82;887.3292363317943;2217.913865430526
897;657.2801251608089;2202.041916252807
675;498.5794389921689;1803.0930315761912
243;322.2042803749331;2210.7285771618126
564;427.8295757391503;1941.944615561442
1276;343.06776110625856;1864.45898128765
29;275.47271394304124;1578.8496412658812
203;427.3582961542784;1973.7225231322827
1271;416.30411797399086;2506.4849889119487
236;766.3183922909338;2210.7285771618126
372;571.6216627051897;1763.5825170825742
499;457.4463581570397;2137.8793269520065
479;408.564136946109;1863.8623893526315
64;251.18090066384053;1459.6935185179605
739;288.36677272307384;1601.8122109402007
107;537.0409996715609;1751.955552458638
159;261.0722451390629;2094.9681998411115
75;473.56542228649226;1729.629319461736
167;463.222125438709;2160.6134617154853
212;287.1965964989668;2392.1036603382354
1062;391.887171170096;1657.4283354526397
904;471.993492054691;1760.5575080277317
1002;214.89060238996527;1472.7265218730806
823;356.5738268169979;1548.1613553316622
1182;413.8513179264373;1935.8867188200068
1263;560.1421165488387;2506.4849889119487
1193;420.889503740138;1796.6222617814776
22;564.2449519004349;1578.8496412658812
892;644.195617057365;2202.041916252807
32;459.6282990817534;2199.27155693799
874;254.12717150478102;1789.0658701457874
461;906.1801173198063;2073.0885580175373
482;483.40002610714805;1863.8623893526315
530;244.93309783332896;1952.070917564893
713;377.5303106097607;1839.6714638917251
854;826.187008257393;1728.227752873473
960;440.96839675406454;2134.0885286862294
361;418.13578981143655;1908.623926929803
194;755.4964319696427;1973.7225231322827
99;439.4665062385347;2051.404627908792
1133;521.0647882831906;2012.327849586755
1275;556.9668912149994;1864.45898128765
538;549.686081112925;1400.7375679839643
420;429.7734662363999;1694.6116003949903
27;311.8871364603415;1578.8496412658812
917;409.70931285060743;2045.7253881648558
149;555.1963369145776;2160.6134617154853
1249;402.98826370704745;1762.5207094167138
402;333.83597791405793;1935.1701511103652
471;371.1837730140369;1832.0012344508414
811;552.9384394661862;2751.680912189516
185;425.82196259283415;2044.1228253740255
290;558.3267264858985;1783.6649040566426
672;539.2081644130907;1838.9618456444248
895;747.9228008630943;1760.5575080277317
1166;297.59391345037824;1966.1776594128673
284;388.2921308548641;1628.5473074944618
1204;374.7449829720223;1681.628482017234
52;378.2101233673938;1459.6935185179605
730;751.7599834970896;1601.8122109402007
210;857.6212813465677;2392.1036603382354
572;317.26460549520885;1959.914327027198
1176;623.1880314203441;1935.8867188200068
815;367.8041527289011;1548.1613553316622
994;649.8046604177146;1472.7265218730806
709;801.7617445110042;1839.6714638917251
70;628.7791616193889;1729.629319461736
101;737.7561777751115;1751.955552458638
148;880.5481703905906;2094.9681998411115
472;674.4417989957856;1863.8623893526315
525;809.0407114579027;1952.070917564893
911;612.0985218324992;2045.7253881648558
1056;650.7876453526673;1657.4283354526397
666;482.61197103160055;1838.9618456444248
96;736.8855553460272;2051.404627908792
21;1074.4998543569902;2199.27155693799
1115;422.79185531886554;1954.1862849764807
581;473.4234298743172;2255.228940161546
773;296.15616895679574;1478.3642270808944
1083;418.9798364210443;1412.5620579593553
542;725.3910364364252;1400.7375679839643
951;891.4316527992614;2134.0885286862294
1013;413.3477904843984;2119.1728119525305
278;706.0641044947382;1628.5473074944618
179;825.8913642675494;2044.1228253740255
1127;802.8476311892949;2012.327849586755
416;666.8270227961617;1694.6116003949903
286;689.4035293580439;1783.6649040566426
467;749.60506542645;1832.0012344508414
1242;867.364872493261;1762.5207094167138
397;813.6868481562439;1935.1701511103652
806;1241.1731578231704;2751.680912189516
764;582.1459497973472;1478.3642270808944
565;956.4533890325977;1959.914327027198
1159;944.3077158199981;1966.1776594128673
1120;305.66715984799106;1954.1862849764807
1005;902.2222321606929;2119.1728119525305
1078;476.05776962678704;1412.5620579593553
577;1151.0191006730242;2255.228940161546
1108;866.8972258414217;1954.1862849764807
444;754.0066040663248;1822.3914063787925
319;631.7585936769256;1689.240270166178
303;214.6868695364934;1234.2544975927651
848;582.6115101061735;1634.0467545679703
748;420.1354432465608;2001.5174320224653
1128;594.7199898761703;1654.1682540810684
299;613.9778005108109;1234.2544975927651
621;437.0537774014513;1678.4130915160388
1192;657.8435505522501;1796.6222617814776
316;552.271814673803;1689.240270166178
351;558.2253863017102;1821.3763607313783
742;803.4784057825884;2001.5174320224653
502;470.7263952983378;2137.8793269520065
1224;314.0027830843185;1609.6451246424342
1183;624.5274999489068;1796.6222617814776
615;549.9119633277589;1678.4130915160388
1116;630.1822681513408;1654.1682540810684
346;527.600592794361;1821.3763607313783
1248;595.6413544351046;1723.1512049755179
494;857.8989531880956;2137.8793269520065
703;280.62587692110657;1960.0034289587345
498;777.6894092925223;1312.18490921698
491;261.9268436083482;1312.18490921698
1243;648.3831453304202;1723.1512049755179
693;622.396641722605;1960.0034289587345
256;764.6912572667702;1900.0171150506842
226;453.11707581503475;2011.413875598531
263;857.0425770158022;1900.0171150506842
560;846.434183989723;1941.944615561442
591;762.8273896845429;1719.8781701704802
244;396.573290619621;1686.3571828621505
251;846.6506558468536;1686.3571828621505
220;1000.1349044966665;2011.413875598531
1084;606.0534050880472;1935.1842334725668
563;667.6808558325691;1941.944615561442
923;738.1511464303439;1522.512029988163
1045;855.0756340029177;2121.7736946146715
1089;1059.173718098248;1935.1842334725668
1069;477.9616256159215;1624.4701658823515
913;405.90796446224533;1522.512029988163
1065;563.2443613998107;1624.4701658823515
1050;885.0512663637394;2121.7736946146715
1020;858.931953060177;1972.662097289327
1023;723.496315884385;1972.662097289327
642;277.5380735099902;1495.8695430351693
109;606.5303000990743;1763.5981520164464
359;847.9361579567363;1908.623926929803
366;491.0299054077667;1763.5825170825742
112;788.7007535404185;1763.5981520164464
231;931.9543675845428;2204.4414011972212
594;394.71160030038146;1719.8781701704802
873;563.3289610929163;1789.0658701457874
370;700.9309489696174;1763.5825170825742
593;834.0859431358953;2256.2557767206918
843;623.8554921274646;1634.0467545679703
835;427.5797523343326;1634.0467545679703
870;721.9519017932959;1789.0658701457874
1202;432.9394241399475;1681.628482017234
233;948.8546097972251;2204.4414011972212
363;642.5519791616299;1908.623926929803
1197;512.1216409072274;1681.628482017234
603;1033.2890675565964;2256.2557767206918
1218;622.8081273773635;1609.6451246424342
1223;549.8718647140644;1458.6126353261761
1229;656.7358000117978;1609.6451246424342
1230;546.1903298237744;1458.6126353261761
193;728.4556551988608;2008.7412295136007
183;769.465002690559;2008.7412295136007
638;601.5220474113268;1495.8695430351693
643;616.8094221138522;1495.8695430351693
625;868.5124998277887;1554.9231269354666
1031;907.2187754345151;2335.713879464685
1026;940.9141418112853;2335.713879464685
631;564.7010696989896;1554.9231269354666
989;815.101495146454;1495.3561435994177
57;184.45883123719398;2250.982752248171
50;165.60418863889666;1846.2204466469962
119;127.2576401814653;1847.164190660602
108;178.31295348717217;1872.3233940364896
1219;154.64976676630445;2104.916853779487
381;366.9730309934831;2307.570465233927
454;127.2155578752381;1844.3961974653846
210;113.9576624496483;1881.5571581402075
921;187.06887783071835;1784.9915994596215
234;167.60913846256668;1996.8825074324407
498;156.6798135896206;1996.602868561605
714;97.73957590111605;1827.7378423116315
854;169.35559051722663;1795.5088107116055
252;180.46943876961151;1971.4767790428227
339;316.5696592559388;2116.5654622925817
840;134.12448486567223;1873.7847814075844
539;152.10547553457764;2173.011394172206
953;156.33147515120694;2073.000120572444
1052;137.76569421493184;1433.4050716999468
888;168.08520521199887;1862.8842497382448
424;198.78240030678035;1750.514841468555
781;118.79024882510829;1756.4008549271732
1240;321.8822437847487;1812.1763269484602
877;68.63270584220693;1874.9678665029876
1092;156.35432612429508;2738.745334952452
821;306.9077433822424;1997.5021605288123
389;199.59891093258685;2116.2627661809433
1221;284.87193816026434;1547.4364061141162
652;151.42386953368344;1945.252274384109
642;178.83452859952632;1644.841543543421
672;198.8787393031384;1987.7748540666198
611;184.36178151584988;2172.8750820537957
912;150.20336285470933;1594.8399901513862
612;146.13763250796907;2172.8750820537957
569;169.56669014747277;2071.979081141307
1122;285.7789299457538;1669.1977134588876
974;191.40435134944005;1243.8327244948566
930;332.1563647821512;1880.6494584122352
475;82.0924763346478;1624.490353317666
875;331.80445674139054;2233.0195534623663
606;1046.348591305637;2172.8750820537957
540;474.64156671227977;2173.011394172206
378;884.0953361107497;2307.570465233927
383;547.9146629007962;2307.570465233927
537;843.3258092925378;2173.011394172206
85;294.11753838075407;2297.1480007243736
118;333.0203015129656;1847.164190660602
84;393.3456873808553;2297.1480007243736
39;362.4500338342882;2327.1166474851466
496;478.530713112619;2190.733104984398
163;244.69499302470786;1311.0715382984513
35;321.20978089280663;1803.32680029645
183;292.1232790438735;1548.0622024278591
136;274.6003723532661;1786.0772550910017
34;312.22017334694635;1764.6595423264628
990;300.2875241800906;1815.8645501312471
1267;254.75485326567755;2146.286886993176
146;303.45689763827914;1336.9120883487803
1100;351.18248276796066;2251.198029140729
129;273.03775976199023;2109.0455650559165
56;295.63901319770264;1800.8893057271198
878;328.7329855566177;1874.9678665029876
567;316.11165440141775;1930.4438874817079
795;388.6192925593812;1857.1397987029545
802;345.70896059047305;1863.256713666202
107;471.92455594079536;1872.3233940364896
1008;453.32382697877375;1875.9352479438703
979;427.78841187029144;2442.34414192678
898;227.56836838768447;1620.2148236164635
691;342.05128726459304;2039.774571911478
762;355.118459698354;1950.3298797955028
202;309.98231409648406;2286.3354437810435
82;223.87883049275948;1833.0146419892726
1041;373.1697883540258;1688.4219868506266
172;305.58929745460705;1955.6008502449085
776;329.285834119222;2360.340137325811
1271;405.61519480275905;2047.5066726218038
1218;316.4212583635572;2104.916853779487
494;184.65970407687564;2190.733104984398
404;292.00378906714906;1824.67651349127
31;337.36754077036795;1764.6595423264628
411;427.9227136704301;2074.4571586919037
1176;195.3650510608204;1449.3776619780642
324;314.2826091167329;2074.467587641621
388;310.09724218628725;2116.2627661809433
79;786.0905391486481;2297.1480007243736
838;450.77043551423094;1950.0481005437432
111;786.5568366736599;1847.164190660602
598;530.6142813457224;1671.1490879377072
582;287.5943410883508;2058.1025646543903
1108;351.7126898003153;2361.6110824642446
715;263.76632821705834;1580.3499172020522
863;303.3632862779251;1880.4356850586219
359;278.2018816854044;1919.0972452635547
335;350.49206838281646;2116.5654622925817
193;259.282128902261;1435.0796986527573
971;668.1646966562752;2442.34414192678
413;405.18035517458515;2074.4571586919037
322;300.05330097233997;2074.467587641621
402;252.4470223852565;1824.67651349127
1021;308.1860654141875;1743.0821122643415
1201;357.464923377481;2195.48570019427
843;493.414231794742;1873.7847814075844
1143;260.6840997905069;1761.5223329691398
311;278.96155347465293;1618.7239466348728
815;345.4406753102407;2089.294243245185
153;391.3360460398036;1822.9696631793468
553;383.60508453162504;2190.7091176168187
633;366.3677937629391;2150.621445149879
949;471.8363852344753;2073.000120572444
653;270.7822962473716;1945.252274384109
967;230.57208235332035;1515.2753288207377
780;442.44860436483907;1756.4008549271732
243;510.232668759363;2127.5159940758426
223;311.978936919342;2061.3818417844273
371;275.6418331268708;1539.1457096411862
1233;403.6782140939222;2001.5974823161582
1187;260.2227870467612;1393.1862895257686
1134;464.0629687397179;1890.881974526431
1155;285.96416970975724;2022.842275378759
1203;331.2001551704927;2195.48570019427
839;228.1968103448263;1950.0481005437432
423;269.9201652143591;1750.514841468555
1077;303.53675001803094;1604.6274346421887
522;326.48922402635475;2082.422304546307
874;483.76506610553145;1874.9678665029876
619;265.35320331448645;1800.424034957848
1250;286.9171137555713;2696.5533078380263
662;273.2182561268112;1653.56266581087
1251;484.49822974059714;2696.5533078380263
221;468.7484673589937;2061.3818417844273
231;274.61861174046453;1996.8825074324407
693;181.07866352769335;2039.774571911478
743;353.8442503480616;1916.5389130707838
531;391.4168206547589;2048.9055674710157
1051;319.9330164411955;1433.4050716999468
1190;324.5050012880797;2302.0885935173487
631;425.23565007765603;2150.621445149879
671;338.62127698486574;1987.7748540666198
822;298.39036044334136;1997.5021605288123
492;753.9294067121302;2190.733104984398
99;727.7483656498938;1872.3233940364896
1223;234.57700812975753;1547.4364061141162
1244;352.46004442175604;1812.1763269484602
1121;321.73209739435345;1669.1977134588876
919;355.269517501201;1784.9915994596215
1002;367.6487082580046;1754.2928676241893
853;329.9449939864816;1795.5088107116055
213;425.88161999253185;1881.5571581402075
1145;370.31127600112296;1761.5223329691398
737;366.00746306058;2556.5877036380316
291;346.163441351351;1757.2379422455122
76;408.0535316478756;1833.0146419892726
293;293.19644250763076;1757.2379422455122
331;598.5652214648776;2116.5654622925817
941;273.8566967169836;1695.6405888398228
1210;830.4329075796833;2104.916853779487
27;541.2676209663848;1764.6595423264628
873;284.78417067055824;2233.0195534623663
1062;375.56072531206667;1887.9640708217726
911;391.27471877820176;1594.8399901513862
386;1083.4961665873377;2116.2627661809433
581;200.40255115518053;2058.1025646543903
316;860.5794939080242;2074.467587641621
963;868.9155411573819;2442.34414192678
406;649.924605258904;2074.4571586919037
773;739.3207642518488;1756.4008549271732
946;900.7846699458759;2073.000120572444
216;717.0543061796634;2061.3818417844273
419;924.4240557214515;1750.514841468555
836;731.1566804636092;1873.7847814075844
975;266.7611319192723;1243.8327244948566
227;914.202434218;1996.8825074324407
827;705.3734847015684;1950.0481005437432
397;886.4068625132927;1824.67651349127
1243;1146.2362024677475;2696.5533078380263
684;761.8643370032652;2039.774571911478
647;744.1731260183025;1945.252274384109
1196;1026.344291943033;2195.48570019427
206;828.2725610979693;1881.5571581402075
1239;629.437868871267;1812.1763269484602
1119;785.3503062534697;1669.1977134588876
1046;590.1667343934948;1433.4050716999468
1133;763.1063582810809;1761.5223329691398
667;865.9760395562618;1987.7748540666198
627;695.2692959889183;2150.621445149879
568;264.04734411043285;2071.979081141307
1216;507.290857033105;1547.4364061141162
814;824.8492468838457;1997.5021605288123
842;723.8638456651157;1795.5088107116055
916;684.4192618724302;1784.9915994596215
870;845.1665403780399;2233.0195534623663
575;906.1931774273946;2058.1025646543903
68;677.4219363209924;1833.0146419892726
285;458.65151347048624;1757.2379422455122
910;607.680014107714;1594.8399901513862
563;582.4758228688603;2071.979081141307
972;456.0509748434776;1243.8327244948566
55;558.8926547782241;2250.982752248171
1277;452.107824837086;1822.6193889383658
1276;367.8068732509165;1822.6193889383658
184;323.412758478133;1548.0622024278591
1101;383.01019985161145;2251.198029140729
689;417.8989034641853;1862.9708745504122
794;408.6091066182622;1857.1397987029545
272;406.08729503293773;1692.2676892637442
509;553.9076234918167;2116.086795752337
495;346.79526767513477;1996.602868561605
431;523.9832859487858;1407.2704450555245
593;347.3737016478508;1671.1490879377072
774;479.9139563293356;2360.340137325811
992;374.5444863855294;1815.8645501312471
170;384.87710955459397;1955.6008502449085
128;319.7539530607893;2109.0455650559165
707;465.4019244187364;1735.2779066533985
257;475.31399217197617;1988.8600912442837
1275;736.7316605214592;1822.6193889383658
48;943.9479510979332;2250.982752248171
552;707.0751952425683;2190.7091176168187
180;575.4920389649446;1548.0622024278591
966;264.3771032644621;1515.2753288207377
1097;908.4519319112941;2251.198029140729
759;598.5271818755965;1950.3298797955028
789;890.596745267478;1857.1397987029545
152;533.336784546975;1822.9696631793468
887;421.3827645813093;1862.8842497382448
159;565.1321543260137;1311.0715382984513
604;426.37657304242015;1833.6087777195241
1091;568.7923820527451;2738.745334952452
1042;248.21257921630703;1688.4219868506266
199;320.6079720171365;2286.3354437810435
1107;564.6848789186351;2361.6110824642446
864;480.4282594951626;1880.4356850586219
1022;375.5459884857957;1743.0821122643415
1076;223.675052263278;1604.6274346421887
733;344.18053396896846;2556.5877036380316
165;381.3893557000467;1955.6008502449085
1272;358.2246811112938;2047.5066726218038
361;404.8065474700778;1919.0972452635547
116;927.4355955744102;2109.0455650559165
767;1016.7567026566586;2360.340137325811
145;515.6211597736543;1822.9696631793468
989;566.1330389924191;1815.8645501312471
716;203.8670168192847;1580.3499172020522
547;522.6759296195911;2190.7091176168187
621;153.14803269248614;1800.424034957848
533;614.9645111489803;2048.9055674710157
1135;325.1815707157362;1890.881974526431
591;743.7990759979938;1671.1490879377072
1234;306.40817499824794;2001.5974823161582
491;1149.0470429446752;1996.602868561605
350;672.3380054996096;1940.5305937651751
1192;444.97678481511855;2302.0885935173487
312;372.5300996615325;1618.7239466348728
1154;346.8217109837857;2022.842275378759
1063;470.0791822040334;1887.9640708217726
521;435.942870939052;2082.422304546307
641;313.9152613759704;1644.841543543421
1262;727.3909853904172;2047.5066726218038
858;613.0086555801628;1880.4356850586219
162;501.2443909477299;1311.0715382984513
962;587.5291480525206;1515.2753288207377
197;771.5491074937471;2286.3354437810435
730;912.0472445245578;2556.5877036380316
1016;611.1449311925376;1743.0821122643415
886;726.8207213763241;1862.8842497382448
1032;621.7430047115732;1688.4219868506266
756;688.312806492077;1950.3298797955028
1086;1307.8147381069155;2738.745334952452
357;703.7921982130784;1919.0972452635547
1105;804.0850368660103;2361.6110824642446
1072;615.4362433519109;1604.6274346421887
616;836.36890761337;1800.424034957848
1057;565.3841506887851;1887.9640708217726
1224;597.3014780994821;2001.5974823161582
1183;958.0456740463504;2302.0885935173487
306;683.6426322678045;1618.7239466348728
711;563.2070405970583;1580.3499172020522
1144;774.338616547555;2022.842275378759
1132;710.0972265127994;1890.881974526431
517;883.9222868873294;2082.422304546307
636;920.9946014231606;1644.841543543421
527;695.2968300535036;2048.9055674710157
474;485.39913716032527;1479.3118365192959
297;374.43709602317466;1082.2707751960745
564;436.2431041043273;1930.4438874817079
512;310.30806235094013;2116.086795752337
1034;355.8296219674921;1614.0023353964193
1158;444.28646034140314;1759.5022040580602
1153;571.8636253856084;1759.5022040580602
559;768.8431943745754;1930.4438874817079
241;637.0312971888643;2127.5159940758426
747;733.9896859324928;1851.555775320199
928;496.88960406518487;1880.6494584122352
507;811.2647085876511;2116.086795752337
712;290.46697658608;1827.7378423116315
1001;353.86896069032827;1754.2928676241893
741;534.283001573521;1916.5389130707838
1152;556.7574977472672;1759.5022040580602
926;687.9900945009286;1880.6494584122352
236;818.3592191677999;2127.5159940758426
997;564.1064973915646;1754.2928676241893
704;959.6023711702486;1827.7378423116315
736;787.6299150399196;1916.5389130707838
52;700.4398851127758;1800.8893057271198
897;441.67297113722475;1620.2148236164635
122;750.1412190434776;1786.0772550910017
896;685.7645515854772;1620.2148236164635
1007;497.14484926454645;1875.9352479438703
54;764.3214868484829;1800.8893057271198
444;613.8285789522083;1544.0646706060152
753;367.3952560253338;1851.555775320199
1005;589.241697682734;1875.9352479438703
284;544.531409651168;1732.80633800483
366;471.9077922171693;1539.1457096411862
705;576.6298702762643;1735.2779066533985
135;761.3356636942578;1786.0772550910017
282;663.5271727955775;1732.80633800483
255;540.7639371013394;1988.8600912442837
443;621.209781210119;1844.3961974653846
346;341.562749099665;1940.5305937651751
1071;784.4095971762808;2021.5458718324564
1184;518.5576397508365;1393.1862895257686
701;613.3420671804953;1735.2779066533985
752;750.1708333623722;1851.555775320199
1181;364.45604504507116;1393.1862895257686
938;570.7567367174812;1695.6405888398228
277;376.7643929412572;1732.80633800483
451;782.5778176101804;1844.3961974653846
345;823.3800802318236;1940.5305937651751
943;368.66938136951427;1695.6405888398228
258;972.7821619709682;1988.8600912442837
368;791.5960842971458;1539.1457096411862
24;619.0673957134459;1803.32680029645
43;798.5668889970709;1846.2204466469962
304;531.177235267215;1082.2707751960745
303;176.6564439056848;1082.2707751960745
26;1006.002314673103;2327.1166474851466
49;692.5209857924277;1846.2204466469962
32;759.0708038056866;1803.32680029645
437;314.92934525853974;1407.2704450555245
434;415.54128763979315;1407.2704450555245
67;461.94607010532195;1770.3711327696417
1167;803.140992591548;1449.3776619780642
800;726.2607360260266;1863.256713666202
40;958.664298977755;2327.1166474851466
688;690.3821042417075;1862.9708745504122
793;791.2870170497022;1863.256713666202
69;1113.1403437541169;1770.3711327696417
1175;450.8716183256959;1449.3776619780642
468;900.6311157071077;1624.490353317666
1073;612.3112695669784;2021.5458718324564
594;711.7430709654028;1833.6087777195241
473;615.2530392509619;1624.490353317666
603;695.4891337117012;1833.6087777195241
482;600.666130004706;1479.3118365192959
140;437.76834758052905;1336.9120883487803
143;595.6868431299722;1336.9120883487803
343;564.5710445389011;1747.429878544982
336;726.0369883360643;1747.429878544982
1266;1065.34944306865;2146.286886993176
1263;826.1825906588483;2146.286886993176
265;735.5177002783571;1692.2676892637442
1033;587.1673011130723;1614.0023353964193
1030;671.0054123158549;1614.0023353964193
246;771.5256440276659;1971.4767790428227
192;417.72138511317235;1435.0796986527573
268;550.6626939524493;1692.2676892637442
190;758.0761846373239;1435.0796986527573
249;863.0936665682113;1971.4767790428227
660;623.5421044790701;1653.56266581087
655;756.8023052049891;1653.56266581087
812;1094.62115190253;2089.294243245185
809;649.2324160324141;2089.294243245185
364;198.31236199223287;2071.8435212388667
302;144.42365116691113;1576.3414042763634
1203;172.58492395901223;1975.9639005922681
1122;87.40021576229063;1661.307107112362
543;107.49578024130233;1931.9123932971056
864;144.23573521812375;1647.4324701467003
959;122.752539049622;1832.0029011730526
888;115.71310442958156;2192.095547338858
362;232.85930469743664;2071.8435212388667
565;129.33311568133;1774.1742716845356
813;187.41057562381053;1546.2610519405869
391;193.51736638900675;1602.6162917293227
42;128.74761110562073;1926.181959593468
442;120.46946011268767;1946.3882166125832
420;192.8652156798663;1928.9635945451848
682;99.96416503483705;1997.4856011402806
172;190.7909936388096;2597.6920052784385
829;186.10135934774874;1635.938758027789
1083;175.95941048433608;1939.1070161883572
1185;148.3061963336003;1706.199766846903
1046;143.77894939948558;1683.2616969951998
223;388.7504113190591;1997.828685202466
1025;155.08269506397025;1877.1222283896418
97;166.98847067715064;1697.474766335711
1254;157.09990603742867;2180.002412585206
1084;139.03556492294967;1939.1070161883572
1013;156.8278404985727;2056.3882963758792
752;174.5783349149925;2013.4801732094627
872;145.74156095677318;2033.849663124534
783;186.05243322583436;2354.0826401622176
523;362.6107414593324;2161.1436087253965
1151;184.05363223629453;1927.9573767618044
807;126.03829958717137;2182.0641435761227
273;128.01088049304246;2107.0888010993212
870;189.80491183216316;2033.849663124534
899;83.12253368382953;1450.3349334348236
194;170.56287813943658;2027.3281006891943
417;442.1691066560851;1928.9635945451848
909;333.39421576904056;1869.0924336162466
153;167.5803185285564;2180.5077568988977
1233;194.87833154609498;2069.5809802459617
521;301.96538038577694;2161.1436087253965
982;0.0;1505.7024441577432
359;990.43458628654;2071.8435212388667
95;260.0718762661819;1697.474766335711
620;147.7899171066705;2192.0161896966106
1154;317.8550238090276;1927.9573767618044
341;161.68122440112128;1524.3691017043773
404;152.82977263180115;1961.7138503659176
1077;1111.1582867447144;1939.1070161883572
862;899.0715236843472;2033.849663124534
513;848.6879701551113;2161.1436087253965
416;1011.4235541480289;1928.9635945451848
91;915.1566566278112;1697.474766335711
49;322.9029454986449;2081.642133519161
1145;679.669903598868;1927.9573767618044
487;376.3674671556669;2189.820600723717
51;487.65385008574395;2081.642133519161
475;372.9238842233624;2136.1270049143445
1202;338.6605967571068;1975.9639005922681
991;346.6034656157174;2112.6886267316086
1040;297.99655261600446;1750.8520335347605
151;270.11041877422235;2076.952629046968
332;496.91381584983594;2448.728613428764
618;615.2337423752933;2036.396394195119
109;338.556700138747;1690.5661443336467
453;449.1288687049333;1945.6805725495115
542;249.08384454352932;1931.9123932971056
488;467.8464356379551;2189.820600723717
390;260.5158054126035;1602.6162917293227
75;384.47721773168985;2061.0700928371302
764;372.97007395391563;1745.2271431195609
646;268.24109086553534;1890.4301701255615
866;329.2623824351207;1647.4324701467003
45;391.8673966919413;1486.3548118041758
1112;310.2824921803822;1409.5186426639789
371;258.3242447162411;1995.925515394534
183;323.24190375739;1886.893939347908
300;255.2088054674571;1576.3414042763634
44;784.4514223335052;2081.642133519161
1213;303.02370042894535;1971.6274226693672
41;379.85357517623777;1926.181959593468
671;414.2790925955019;1822.1248543226432
267;280.4242998401948;1677.2410116448843
173;496.6591907471475;2597.6920052784385
63;288.415895905959;1611.232717345992
1111;257.3543548628444;1409.5186426639789
263;258.311629917289;1677.2410116448843
32;383.1883965823033;2106.40474184611
372;320.42902089220456;1995.925515394534
434;203.664573365105;1939.6350052618225
642;320.3618238881903;2033.3320194612888
885;381.57830630290186;2192.095547338858
349;280.7210518281344;1788.1254618728728
845;210.67267419773475;1748.0094888357448
939;336.8885713049275;1867.4708280050431
1196;864.2825627016205;1975.9639005922681
479;329.2049365170901;2030.7012520289418
413;264.3543996626235;1463.8605042477902
1093;457.2995752403824;1782.374551308224
861;470.67573962750504;1647.4324701467003
1193;418.51560828705715;1972.1803396818843
540;986.653338604566;1931.9123932971056
743;363.2777025416584;2305.6593249181087
1164;204.29121704760658;1859.2047866481462
1061;423.2124589036023;1724.5659989710916
1121;297.93301781301096;1661.307107112362
563;336.3827544892957;1774.1742716845356
477;327.9862264062326;2030.7012520289418
650;186.2028024843586;1890.4301701255615
583;239.43702961647807;1925.7931874371925
794;361.71472351590313;2296.5896425014566
730;357.63786976988206;2255.2876704255646
37;356.0696043435495;2005.9203555781262
486;1029.9810173693998;2189.820600723717
386;707.4354988514809;1602.6162917293227
253;323.86733721833946;1386.9521718399453
1277;336.00603583162524;2233.529365891814
645;459.39538570069294;2033.3320194612888
634;429.3500101450126;2117.509270922477
441;384.27887755169223;1946.3882166125832
587;331.29667028651534;1925.7931874371925
631;500.6703524287073;2117.509270922477
219;423.1824329061943;1997.828685202466
294;756.07568121455;1576.3414042763634
64;527.9662836093013;1611.232717345992
125;375.9834751611543;2119.4587265333357
257;591.6477050779064;1677.2410116448843
822;256.2161869402744;1885.4644108757418
706;431.5862848922372;2135.299541665593
1138;265.09670463253;1973.985386117822
662;323.5334203488969;2213.8842303906117
365;1219.8341018201897;1995.925515394534
967;298.7965418782304;1844.8661423406393
169;1080.8160056514216;2597.6920052784385
1264;320.5661270141875;1907.2287172303104
191;266.36275162054756;2027.3281006891943
702;202.1215528443979;1945.012722264949
28;873.5992838043314;1926.181959593468
898;297.9339792813633;1450.3349334348236
1104;359.8618924406167;1409.5186426639789
607;307.72968848393003;1724.8834833473318
928;353.81338358059355;1716.2781056459792
1223;352.6554681035582;1814.7710891033778
947;198.60063495063073;1662.69799283676
167;309.70465975013366;1477.4768814058846
131;471.9358356950253;1802.7088057400151
917;254.2091451351207;1599.4118065764671
561;774.742191717725;1774.1742716845356
742;278.0901411151919;2305.6593249181087
877;1046.6287570237516;2192.095547338858
931;272.98713374006616;1716.2781056459792
249;502.7175544908964;2126.751939849946
804;298.0995823964086;2182.0641435761227
282;272.3933226508112;2039.638402069301
34;244.40796482227262;2005.9203555781262
312;324.34865468642613;2207.9495193154535
497;299.107006764025;1598.3957275562166
552;350.933304196892;1600.333759696543
643;761.8780491808925;1890.4301701255615
1222;276.4166466794022;1814.7710891033778
908;305.81982906979874;1869.0924336162466
577;885.416514247013;1925.7931874371925
57;602.7644077427268;1611.232717345992
617;340.494832785997;2192.0161896966106
1055;213.32927241818828;1562.060519329736
276;373.05440766108165;2107.0888010993212
1117;777.0066637452468;1661.307107112362
782;582.3058858861517;2354.0826401622176
207;516.814391352594;2045.1495396521757
435;754.3358386946577;1946.3882166125832
627;855.9909939398917;2117.509270922477
771;368.36132007104146;1776.395998242772
472;821.7215614138934;2030.7012520289418
215;873.3388448292915;1997.828685202466
1258;548.5249018703487;2180.002412585206
639;885.3831725643876;2033.3320194612888
753;532.5714735765149;2013.4801732094627
1023;243.46618065142096;1877.1222283896418
1232;278.0290178901474;2069.5809802459617
739;1096.428607328581;2305.6593249181087
188;1011.0504579208044;2027.3281006891943
897;715.3525413150809;1450.3349334348236
25;879.2891800816622;2005.9203555781262
907;546.0151153498557;1869.0924336162466
382;251.32335382166548;1655.8265813214293
780;964.9534628458189;2354.0826401622176
798;1085.4079023661636;2182.0641435761227
1217;553.2614931919722;1814.7710891033778
498;488.3540783739011;1598.3957275562166
926;581.3445857837895;1716.2781056459792
1227;1094.1329452127961;2069.5809802459617
1252;557.9221954364323;2180.002412585206
611;1034.2834884694068;2192.0161896966106
271;981.5313564545345;2107.0888010993212
748;632.8099429847924;2013.4801732094627
343;342.4596656556373;1524.3691017043773
1018;686.1533381366401;1877.1222283896418
330;530.8447786531735;2448.728613428764
592;604.0311899512436;2125.1151631464168
496;475.6393648138051;1598.3957275562166
1037;395.7840216216491;1750.8520335347605
527;446.38511003052355;1773.0891001611133
324;382.2421705218721;1553.2592110276512
765;464.45805369887125;1745.2271431195609
239;491.15147498332635;2009.5798537541293
77;333.7996019711506;2061.0700928371302
108;348.9652004982694;1690.5661443336467
849;458.3773296499586;1497.4084919454845
238;479.3207719854046;2009.5798537541293
149;440.7417308595435;2076.952629046968
336;589.4190161879019;1524.3691017043773
457;382.11166781924334;1461.5757677967458
184;426.8892772634738;1886.893939347908
578;402.8014372579761;1571.4597310096067
1272;359.1676400326628;1901.3688107614232
1027;552.0096874161696;1750.8520335347605
672;401.0943076344571;1822.1248543226432
325;1019.3416680629987;2448.728613428764
120;477.65467866927963;1947.7039104687906
1106;352.37724500101723;1657.6002746444547
459;405.69460917586514;1461.5757677967458
938;312.5945407937809;1867.4708280050431
756;534.0108602348655;1745.2271431195609
36;444.9928055549605;2106.40474184611
235;726.2750415364593;2009.5798537541293
1242;471.51762458928835;2543.481114426799
1276;379.69978129685626;2233.529365891814
143;845.5795166147652;2076.952629046968
67;794.0248405346814;2061.0700928371302
176;700.735455590398;1886.893939347908
102;587.6155346550806;1690.5661443336467
683;380.3957202772024;1997.4856011402806
1212;652.5905452946454;1971.6274226693672
119;350.78154365123845;1947.7039104687906
812;311.9009261795404;1546.2610519405869
517;291.80162849932276;1927.0483839906983
792;332.23901514300957;2296.5896425014566
664;437.7485305147816;2213.8842303906117
937;729.2011001515807;1867.4708280050431
803;521.2674968854889;1546.2610519405869
707;508.53429544156086;2135.299541665593
665;613.1640549199938;1822.1248543226432
454;463.7486285143738;1461.5757677967458
166;362.7965133345255;1477.4768814058846
150;538.6836371879009;2180.5077568988977
1139;348.6372885473552;1973.985386117822
1041;338.99892292512413;1683.2616969951998
1205;551.2648097552214;1971.6274226693672
823;466.97140321759207;1885.4644108757418
676;841.6084009153547;1997.4856011402806
26;903.8118610401369;2106.40474184611
283;297.18940529172676;2039.638402069301
657;709.8236582884373;2213.8842303906117
114;649.3886871387928;1947.7039104687906
123;703.0287530851639;1802.7088057400151
769;369.5825889941901;1776.395998242772
1274;1088.3364334263115;2233.529365891814
550;223.2750527598295;1600.333759696543
787;961.3414161697187;2296.5896425014566
161;600.1306171895161;1477.4768814058846
132;436.8525669151812;1802.7088057400151
142;797.5181490605058;2180.5077568988977
817;596.9261680233449;1885.4644108757418
705;659.9734110308796;2135.299541665593
1036;818.8798659548675;1683.2616969951998
279;740.9589571646045;2039.638402069301
295;359.5696041556424;1629.7310636863076
919;382.7224537195353;1599.4118065764671
1130;926.9883514716903;1973.985386117822
762;468.16559451803636;1776.395998242772
916;458.42313642358465;1599.4118065764671
545;575.9802659359203;1600.333759696543
1073;603.5932058616704;1584.4822727981118
1067;128.47987628337836;1584.4822727981118
584;748.0754023041725;2125.1151631464168
992;454.8663447110974;2112.6886267316086
474;600.1986786853893;2136.1270049143445
469;702.4857910292418;2136.1270049143445
986;875.8442303440572;2112.6886267316086
597;773.0085708910003;2125.1151631464168
448;601.053184550818;1945.6805725495115
1072;852.4091906530632;1584.4822727981118
73;552.1044072623174;1565.8523599805455
574;411.58269257989457;1571.4597310096067
346;483.8733203947205;1788.1254618728728
1270;766.8228221478423;1901.3688107614232
689;503.8735972452713;2011.4979751623532
352;461.93084165753373;1788.1254618728728
452;751.0936873125622;1945.6805725495115
564;640.4117133669325;1571.4597310096067
214;376.4962742490949;1669.6349209597693
1194;530.2241300691899;1972.1803396818843
1271;775.3783485809179;1901.3688107614232
247;588.3157841302129;2126.751939849946
1241;579.7211918537012;2543.481114426799
1184;655.4657297062776;1972.1803396818843
237;693.9315296871498;2126.751939849946
1236;1233.0086397456857;2543.481114426799
613;398.89470589899696;2036.396394195119
621;1022.2679459208288;2036.396394195119
1166;484.1229943758316;1859.2047866481462
719;432.3359074102248;1378.4853287273006
1160;734.0064003410532;1859.2047866481462
35;591.3911644824593;1486.3548118041758
1181;560.8629255743557;1706.199766846903
225;646.3768856618904;1669.6349209597693
228;594.3448456342538;1669.6349209597693
46;503.09625062977545;1486.3548118041758
1004;777.4570019679584;2056.3882963758792
408;721.4581631975416;1463.8605042477902
124;636.5669902839362;2119.4587265333357
1010;771.660975780789;2056.3882963758792
968;511.8305689097768;1844.8661423406393
1183;865.2820778188026;1706.199766846903
946;710.7841608320232;1662.69799283676
115;607.0690474761496;2119.4587265333357
966;1034.239031552632;1844.8661423406393
827;670.4325946051649;1635.938758027789
828;779.4048040748747;1635.938758027789
948;661.8569758660586;1662.69799283676
289;344.55621374440926;1629.7310636863076
402;754.5715600659154;1961.7138503659176
293;665.661896657946;1629.7310636863076
399;1054.3125176682008;1961.7138503659176
847;591.6503529553302;1497.4084919454845
522;794.2062471718236;1773.0891001611133
717;450.0211366252665;1378.4853287273006
844;444.4569695784464;1497.4084919454845
525;532.4977429587658;1773.0891001611133
693;890.5382006480078;2011.4979751623532
317;683.9550425838409;1553.2592110276512
242;302.964924827976;1386.9521718399453
322;487.0619979219382;1553.2592110276512
1089;522.9611905893222;1782.374551308224
722;383.64014856981095;1378.4853287273006
904;445.8156696923075;1544.9473584846862
1052;677.3989001628613;1724.5659989710916
902;462.1718199012155;1544.9473584846862
1103;463.1662426764562;1657.6002746444547
839;1002.480551937451;1748.0094888357448
1096;842.0567869669811;1657.6002746444547
252;760.1199097936299;1386.9521718399453
1094;802.1137854785194;1782.374551308224
428;668.4937071450463;1939.6350052618225
1058;623.9546399046282;1724.5659989710916
1253;587.2349310286694;1907.2287172303104
842;534.856262700559;1748.0094888357448
433;1067.4767247516709;1939.6350052618225
605;824.6795105846737;1724.8834833473318
600;592.474284278728;1724.8834833473318
1262;999.4276591874537;1907.2287172303104
208;424.1699134547059;2045.1495396521757
205;878.034126695423;2045.1495396521757
379;604.5216724248869;1655.8265813214293
375;710.5932846330362;1655.8265813214293
958;599.8683649784822;1832.0029011730526
1005;488.15868200609214;1566.7615213475542
1003;702.5397036801633;1566.7615213475542
956;1109.381997144948;1832.0029011730526
306;926.6022710088957;2207.9495193154535
310;956.9985936201314;2207.9495193154535
727;793.0924952437701;2255.2876704255646
728;1104.5573054119122;2255.2876704255646
703;855.0628728910243;1945.012722264949
979;874.1153921476341;1505.7024441577432
1049;778.5623134870169;1562.060519329736
1054;570.1689334245308;1562.060519329736
71;350.69345527552514;1565.8523599805455
512;717.0806968261688;1927.0483839906983
514;918.166058665207;1927.0483839906983
8;200.0;800.0
7;200.0;800.0
6;200.0;800.0
5;200.0;800.0
7;124.56386666666666;2437.7221799999998
5;234.66650000000004;2437.7221799999998
