97;1560.4536299112185;80012621;[IR]
93;1383.1223743490066;80012621;[IR]
88;3549.327396462325;80012621;[IR]
69;2582.417558110278;68485576;[MW]
80;4409.459980321897;68485576;[IR]
64;5126.402797630331;68485576;[IR]
57;4955.349005570795;68485576;[MW]
39;5296.547949810426;68485576;[IR]
82;4848.8969225590245;68485576;[MW]
161;4995.6752861185605;23709696;[MW]
164;4763.573173394249;23709696;[MW]
160;5151.605898027219;23709696;[IR]
163;5508.728878918638;23709696;[IR]
159;3492.586227805341;23709696;[MW]
156;3755.170890305135;23709696;[IR]
65;2690.4493577443986;67982640;[MW]
45;4125.942621124257;2842896;[MW]
53;4494.5992003755455;2842896;[IR]
64;2733.923725923504;67982640;[IR]
54;4129.468267430418;2842896;[MW]
62;4971.716583486203;2842896;[IR]
41;4840.113319966633;2842896;[IR]
65;4286.258083476507;2842896;[MW]
55;4913.612904318685;67982640;[IR]
57;4897.721976265607;67982640;[MW]
63;3774.3340847863205;67982640;[MW]
62;5910.860314909373;67982640;[IR]
138;2155.8673822284345;88864892;[IR]
150;4229.936899403076;46137312;[MW]
149;4594.61626208644;46137312;[IR]
152;5073.1817850880525;46137312;[IR]
153;4244.8716701519;46137312;[MW]
146;2971.2827142585497;88584039;[MW]
155;3043.769851552476;46137312;[MW]
154;3959.313159275858;46137312;[IR]
150;4690.703801598041;88864892;[IR]
143;3623.557186194768;88864892;[MW]
151;3126.953938037632;88864892;[MW]
145;6285.189998053171;88864892;[IR]
147;6666.576356272662;88864892;[MW]
148;2545.7218850614486;88584039;[IR]
154;4778.434805397571;88584039;[MW]
135;5834.45365288781;88584039;[IR]
141;5889.323618328699;88584039;[IR]
139;5539.210767704446;88584039;[MW]
37;4242.46856202273;11882936;[MW]
51;5381.170610330797;11882936;[IR]
46;2799.8094780349847;11882936;[MW]
52;3320.943773807235;11882936;[MW]
25;3238.88714954609;11882936;[IR]
41;5829.737382021044;11882936;[IR]
130;4608.5896450371865;56294347;[IR]
132;2693.8519097850844;56294347;[MW]
100;3145.119801682379;80012621;[MW]
94;4654.724617489417;80012621;[MW]
91;5296.0825571465475;80012621;[MW]
160;2368.7110811264497;43874177;[MW]
134;4145.703819753247;56294347;[IR]
136;2918.066095757353;56294347;[MW]
140;4974.733748795749;56294347;[MW]
138;5163.658825640539;56294347;[IR]
101;5229.86742515617;77390420;[IR]
114;1735.8792975529059;77390420;[MW]
164;4145.232127438689;39505935;[IR]
71;4699.161862020963;31173968;[IR]
42;3827.43858049968;31173968;[IR]
73;2857.5904814399582;31173968;[MW]
67;2295.840075252626;31173968;[MW]
106;4576.82929264186;77390420;[MW]
169;3484.5271893096287;39505935;[MW]
112;2611.738613484244;77390420;[IR]
109;6359.948983814642;77390420;[IR]
110;4448.985366488714;77390420;[MW]
170;4609.306051056891;39505935;[IR]
167;5191.509977488356;39505935;[MW]
171;1079.0231723585337;39505935;[MW]
168;8247.569718328436;39505935;[IR]
49;3631.084400599795;50402019;[MW]
51;2568.9270261333363;50402019;[IR]
48;4952.604989326377;50402019;[IR]
54;4222.354404519948;50402019;[MW]
52;6342.713237629672;50402019;[MW]
53;4947.642550155997;50402019;[IR]
178;4554.149481906867;63637694;[MW]
177;4248.3987315711665;63637694;[IR]
173;4956.963211104015;63637694;[IR]
175;3081.5461300154884;63637694;[IR]
174;4223.90617458223;63637694;[MW]
176;5429.925447017003;63637694;[MW]
28;3400.613476279458;23078739;[MW]
110;4647.3275327520305;31000847;[MW]
107;3987.6112456536503;31000847;[IR]
112;3716.3701361205003;31000847;[IR]
113;4001.4819930076987;31000847;[MW]
116;4937.886797479231;31000847;[MW]
114;4417.434743105391;31000847;[IR]
20;2306.722817777326;35490329;[MW]
19;3556.60329459484;35490329;[IR]
125;4148.376699360677;77915045;[IR]
130;3981.1246229179624;77915045;[MW]
126;3697.0407051239445;77915045;[MW]
21;4506.06313700232;23078739;[IR]
27;5369.360260421496;23078739;[IR]
24;4554.546204250223;23078739;[MW]
90;4400.757411310948;35103461;[MW]
31;5150.69690452322;23078739;[MW]
30;5150.39286815348;23078739;[IR]
123;5748.14202654004;77915045;[IR]
128;4806.857747553459;77915045;[IR]
124;2315.8400510894244;77915045;[MW]
49;4740.326693789335;31173968;[MW]
61;6173.282602453191;31173968;[IR]
47;3901.5678827429992;35103461;[IR]
93;5087.579038469009;35103461;[MW]
91;2642.792633648557;35103461;[IR]
88;5336.814225814136;35103461;[MW]
89;3576.620705582657;35103461;[IR]
186;4996.244015850552;42144762;[IR]
21;3526.298137561008;35490329;[IR]
16;4377.468713619775;24039912;[MW]
12;2551.735737954019;24039912;[IR]
170;2533.266321893397;42144762;[MW]
18;4518.7346559064135;35490329;[MW]
185;3582.327356018588;42144762;[MW]
22;5499.646506137408;35490329;[MW]
188;5052.702585509955;42144762;[MW]
134;4200.4120517687;42144762;[IR]
183;6244.630644028027;42144762;[IR]
17;5663.0396705099565;35490329;[IR]
13;5077.779628590071;24039912;[MW]
18;5662.454692127881;24039912;[IR]
22;4805.8648176426;24039912;[MW]
14;4208.566252326121;24039912;[IR]
136;3097.348571820183;61754547;[IR]
184;3934.1976758477977;61754547;[IR]
190;4703.33184418809;61754547;[IR]
102;1605.6304012538824;87490385;[MW]
187;4658.075278875584;61754547;[MW]
99;3419.6013149376577;87490385;[IR]
191;4257.1087484733225;61754547;[MW]
174;5063.862079645009;61754547;[MW]
74;4146.494518502075;17386073;[MW]
72;961.9240463783451;17386073;[IR]
163;5367.465510527326;43874177;[IR]
162;4925.561559311163;43874177;[MW]
159;4060.368236806431;43874177;[IR]
161;5643.580406513951;43874177;[IR]
165;4081.7352101392885;43874177;[MW]
60;5972.0954916453575;17386073;[MW]
66;5485.909371823267;17386073;[IR]
46;4811.937121621669;17386073;[IR]
70;6921.074637497961;17386073;[MW]
103;3717.6649061363796;87490385;[IR]
104;5347.678839174676;87490385;[MW]
100;4634.710548634386;87490385;[MW]
101;5741.795760312868;87490385;[IR]
101;3072.919996709325;75840525;[IR]
99;2289.339224681603;75840525;[MW]
53;5289.4079457875205;38144051;[MW]
28;3627.9744512295865;38144051;[IR]
157;4934.127820728538;15042321;[MW]
159;3114.420091496182;15042321;[IR]
64;5270.29034086524;75840525;[IR]
95;4619.605687479588;75840525;[IR]
59;3245.032920620919;36372629;[IR]
55;5850.17300566948;36372629;[MW]
51;2152.0687069576793;36372629;[IR]
48;4509.951088136282;36372629;[MW]
104;4548.192980470127;75840525;[MW]
43;2335.2001583360993;87037367;[IR]
40;6425.225865641423;36372629;[IR]
68;6387.691993614801;36372629;[MW]
77;3274.226270065366;87037367;[MW]
63;3277.7481874032537;87037367;[IR]
52;3799.705274361445;87037367;[IR]
58;4263.866421339191;87037367;[MW]
50;5098.425317278534;87037367;[MW]
92;4592.690576313375;75840525;[MW]
151;4433.334745951748;15042321;[IR]
160;5226.0366534962495;15042321;[MW]
40;4648.549765880629;38144051;[IR]
156;3858.4359512087767;15042321;[IR]
47;3569.9287295958634;38144051;[MW]
155;4082.595433223301;15042321;[MW]
50;6361.9019774882645;38144051;[IR]
34;5403.636613531218;38144051;[MW]
141;2764.1567377311544;54580112;[MW]
138;7277.641504815322;54580112;[IR]
139;3258.943972588234;54580112;[MW]
142;2879.3869526837034;54580112;[IR]
140;4551.717337037715;54580112;[IR]
143;3878.113074036459;54580112;[MW]
175;3576.792532349916;72859825;[MW]
180;5647.634754775445;72859825;[MW]
178;3116.1065642589647;72859825;[MW]
107;4096.735276562251;34999660;[MW]
104;2027.1278864208005;34999660;[IR]
115;3403.3620664107293;34999660;[MW]
113;4613.267151218003;34999660;[IR]
102;3875.825904482445;34999660;[MW]
99;5630.736515434407;34999660;[IR]
89;5963.051360253571;72859825;[IR]
179;5854.903489686709;72859825;[IR]
176;1745.7512687959247;72859825;[IR]
68;2600.5114031003723;84215124;[MW]
69;2743.8057222959546;84215124;[IR]
70;4071.6793162989647;84215124;[MW]
59;5066.152534496108;84215124;[IR]
64;5334.699299144906;84215124;[MW]
67;4573.920579490755;84215124;[IR]
36;3572.258580348116;87949317;[MW]
44;6268.71583068317;87949317;[IR]
43;4096.91943649916;87949317;[MW]
24;2440.0769669259626;87949317;[IR]
49;3216.194489079047;87949317;[MW]
39;4403.486580077502;87949317;[IR]
128;3957.7101126567627;26239727;[IR]
117;3039.4026539020006;26239727;[IR]
129;5748.476406755049;26239727;[MW]
124;2317.4339826593036;26239727;[MW]
125;6020.455050951715;26239727;[IR]
127;4108.971827870832;26239727;[MW]
129;2179.4956264474886;23561664;[IR]
124;4498.841020686797;23561664;[MW]
135;3150.38842125833;23561664;[MW]
146;3250.4421918012076;23561664;[MW]
79;5960.962989856291;23561664;[IR]
137;2560.6355656670385;23561664;[IR]
19;2522.5296992925305;44523208;[IR]
23;4786.495443362645;44523208;[MW]
21;3997.7468621237053;44523208;[IR]
15;6032.492292623858;44523208;[IR]
20;3592.6363820794604;44523208;[MW]
17;5100.245912025706;44523208;[MW]
108;5212.804347023109;13117835;[MW]
109;2184.552016665107;13117835;[IR]
157;4472.2973166743295;4176935;[IR]
158;6664.797842998193;4176935;[MW]
165;5477.043468736181;4176935;[MW]
162;3531.9779838190293;4176935;[IR]
132;1095.4551245759023;4176935;[IR]
151;2576.131337141027;4176935;[MW]
98;4827.104807948086;13117835;[MW]
107;2292.106162585203;13117835;[IR]
110;4702.0588088312425;13117835;[MW]
93;5139.762565710643;13117835;[IR]
147;2977.767190177809;53500018;[IR]
143;3191.5909108882906;53500018;[IR]
149;6828.458648546126;53500018;[MW]
151;4268.351973673439;53500018;[MW]
150;3935.042082936526;53500018;[IR]
145;4149.753179194803;53500018;[MW]
119;1846.4932983963101;90811302;[MW]
114;5038.10287257359;90811302;[IR]
116;5386.141115825221;90811302;[MW]
111;4257.262569784977;90811302;[IR]
118;4470.197832877465;90811302;[IR]
113;4442.043754542384;90811302;[MW]
39;3958.453142440899;74414229;[IR]
42;4741.795761525194;74414229;[MW]
40;3062.6223972915022;74414229;[MW]
41;4575.177510476863;74414229;[IR]
43;6255.448636142253;74414229;[IR]
45;4321.6781929850185;74414229;[MW]
156;3813.0290266687903;12283489;[IR]
158;3984.341723458251;12283489;[IR]
164;4093.872057109569;12283489;[MW]
155;2757.609935779834;12283489;[MW]
146;6886.482320169711;12283489;[IR]
157;3850.281084845129;12283489;[MW]
34;1967.1376025163809;15891069;[IR]
37;3699.7799120764475;15891069;[MW]
183;3397.4302474586057;20529267;[MW]
184;3644.177886560599;20529267;[IR]
40;4261.984283453448;15891069;[IR]
39;6029.559605420563;15891069;[MW]
41;5273.06627695013;15891069;[MW]
38;6473.442837641497;15891069;[IR]
185;3605.179290642105;20529267;[MW]
172;4107.00641728319;20529267;[IR]
186;5491.725006103765;20529267;[IR]
187;4717.03293913267;20529267;[MW]
177;2245.298842581165;47795360;[IR]
175;2763.2497649507404;47795360;[IR]
176;4944.1125038537175;47795360;[MW]
178;3147.1757896750187;47795360;[MW]
174;5771.84113477123;47795360;[MW]
173;3889.264519315419;47795360;[IR]
150;2029.6209859219107;41718940;[MW]
147;4199.8477889329015;41718940;[IR]
144;4597.422486288247;41718940;[IR]
146;3916.9411753043396;41718940;[MW]
148;3155.4718430692524;41718940;[MW]
75;4993.59152728942;77085373;[MW]
73;3395.412445980963;77085373;[MW]
76;5415.755347096848;77085373;[IR]
74;2445.121704756302;77085373;[IR]
77;4340.518746045347;77085373;[MW]
149;3127.8254272404597;41718940;[IR]
89;3515.4281914208273;15509546;[MW]
72;2832.727778008805;77085373;[IR]
54;4499.033999894089;88209691;[IR]
68;4502.779427399459;88209691;[IR]
65;2746.0579915051003;88209691;[MW]
67;4971.209646868616;88209691;[MW]
66;5550.90191913856;88209691;[IR]
69;843.4747306942706;88209691;[MW]
85;3512.6906183444758;15509546;[MW]
84;3412.8865633851365;15509546;[IR]
43;4741.065093025248;15509546;[IR]
86;4991.662117631039;15509546;[IR]
134;3225.179193318926;13096435;[IR]
44;3054.391107485187;15509546;[MW]
136;3865.219017841144;13096435;[IR]
135;3245.3883791426783;13096435;[MW]
137;3924.4770045027235;13096435;[MW]
132;3917.545086343144;13096435;[IR]
133;4760.596781695519;13096435;[MW]
106;3349.7919395188205;30563284;[MW]
33;2025.0623996541121;15729459;[MW]
26;3291.3055673839417;15729459;[IR]
29;3748.315897815911;15729459;[MW]
25;5923.459282837735;15729459;[MW]
32;4503.686390274648;15729459;[IR]
19;6488.938163267353;15729459;[IR]
74;2023.6242385210148;7551933;[MW]
75;2591.283733169532;7551933;[IR]
73;3166.782432789316;7551933;[IR]
73;4604.16458025743;90973420;[IR]
80;4945.706106969421;90973420;[IR]
82;3909.966912825766;90973420;[MW]
74;3119.0379258190565;90973420;[MW]
78;1772.0120249925594;90973420;[MW]
76;7144.228885460686;90973420;[IR]
81;4309.721650382832;63168361;[IR]
78;3385.677218725842;63168361;[MW]
76;4674.090074715244;7551933;[MW]
77;4505.712716113347;63168361;[IR]
85;3733.764537847077;63168361;[MW]
83;5187.718289960001;63168361;[MW]
72;4863.117093294164;7551933;[MW]
84;4656.124694735634;63168361;[IR]
70;5430.92400538718;7551933;[IR]
156;1670.2826510054792;95705819;[IR]
81;2148.938878034574;19193341;[IR]
72;4833.714253234206;19193341;[IR]
87;5831.693129418023;19193341;[MW]
83;4890.36925330826;19193341;[MW]
79;4543.897983989772;19193341;[MW]
84;6271.9570987146635;19193341;[IR]
152;5324.109985077027;95705819;[IR]
154;2921.396539492952;95705819;[MW]
157;3249.247056418315;95705819;[MW]
160;6516.775337168378;95705819;[MW]
158;4150.848278937529;95705819;[IR]
176;2268.5696360824118;5209923;[IR]
177;5344.1408174062;5209923;[MW]
174;3538.564252238546;5209923;[IR]
175;5791.018709528514;5209923;[MW]
170;4949.894584918786;5209923;[IR]
173;5322.067688596575;5209923;[MW]
147;5124.665299395982;8903030;[IR]
143;4400.215253074469;8903030;[MW]
148;2071.036557688455;8903030;[MW]
145;4813.843014396972;8903030;[IR]
141;4161.220576859312;8903030;[IR]
146;4030.541833879055;8903030;[MW]
93;2760.415733287024;73336553;[IR]
87;4021.038963555708;73336553;[MW]
27;1324.9819312973675;58760871;[IR]
31;4676.431368081604;58760871;[MW]
92;4685.113243879916;73336553;[MW]
81;3168.984583540054;73336553;[IR]
91;4265.813377859861;73336553;[IR]
179;3445.150140651631;11036786;[IR]
94;6071.636634256132;73336553;[MW]
173;2208.9283529097074;15713534;[MW]
187;2149.3265175570396;15713534;[IR]
178;3069.343803177628;11036786;[MW]
26;5297.981015375956;58760871;[MW]
183;3972.797034406999;15713534;[IR]
24;4680.005197240233;58760871;[IR]
29;3305.4933697006686;58760871;[IR]
28;5679.628379475025;58760871;[MW]
185;4881.800301544138;15713534;[MW]
188;4173.3659002127;15713534;[MW]
165;5372.978344129497;15713534;[IR]
180;3131.3084601678906;11036786;[MW]
175;1556.398084152523;11036786;[IR]
176;5378.282157973356;11036786;[MW]
177;3878.57933762315;11036786;[IR]
129;4140.99112707401;24023587;[IR]
126;3806.8700738379457;24023587;[IR]
130;4819.392538963517;24023587;[MW]
133;4498.839150563792;24023587;[MW]
131;4410.995430475638;24023587;[IR]
127;4221.267713744347;24023587;[MW]
179;5035.270782750283;47025117;[IR]
181;4087.725458269491;47025117;[MW]
168;1893.5530196252607;47025117;[IR]
189;4771.82763049743;47025117;[IR]
171;2973.289271278548;47025117;[MW]
191;4112.007767129867;47025117;[MW]
107;2705.7355239409526;30563284;[IR]
108;5560.55347202911;30563284;[MW]
105;4857.195714995454;30563284;[IR]
88;6439.714038366833;30563284;[IR]
104;4116.975319160486;30563284;[MW]
122;4665.200634145137;70024833;[MW]
117;4106.337191626536;70024833;[MW]
115;4046.8712685545643;70024833;[IR]
99;2562.6763616560634;70024833;[IR]
111;6096.933779797297;70024833;[MW]
120;6611.897758569152;70024833;[IR]
184;4253.400084722348;96787130;[IR]
186;4625.003006310839;96787130;[MW]
190;3090.8145550693994;96787130;[MW]
167;3282.678680308398;96787130;[IR]
172;3922.805101058374;96787130;[MW]
189;3706.049889377573;96787130;[IR]
171;4865.45257090539;7812634;[MW]
169;5596.8588458237555;7812634;[MW]
168;2695.7528645174857;7812634;[IR]
167;4974.682316142384;7812634;[MW]
166;2490.0882435737053;7812634;[IR]
170;2903.3430963201095;7812634;[IR]
32;4143.188516727749;63996491;[MW]
30;2221.3263496407108;63996491;[IR]
16;2267.2718365033043;63996491;[IR]
33;4184.444328005641;63996491;[IR]
34;5353.22323080609;63996491;[MW]
25;5666.22075704815;63996491;[MW]
35;5039.709956127677;64175049;[MW]
48;4363.231227370871;64175049;[MW]
27;3373.707609646656;64175049;[IR]
38;1697.9518232176106;64175049;[IR]
45;2678.8088293065884;64175049;[IR]
42;4585.834943942901;64175049;[MW]
123;4905.13034670838;88749274;[MW]
111;3952.6656369764296;88749274;[IR]
118;5433.709703313276;88749274;[MW]
120;6144.814255731329;88749274;[MW]
119;2739.0582375048475;88749274;[IR]
122;3045.5774827288355;88749274;[IR]
166;2255.6505321462696;82992188;[IR]
168;3042.6064993090486;82992188;[MW]
67;3136.455054158502;93509239;[MW]
58;3170.1159928664592;93509239;[MW]
56;3591.106818819461;93509239;[IR]
54;3584.9961093037496;93509239;[IR]
175;4177.206311490299;82992188;[MW]
174;5384.6022533097;82992188;[IR]
178;6743.015619280133;82992188;[MW]
63;8208.961055663724;93509239;[IR]
177;4343.993569089928;82992188;[IR]
55;4360.752659953759;93509239;[MW]
159;4650.391235830974;18663171;[IR]
168;2232.040132244667;18663171;[MW]
149;2720.2648470271333;18663171;[IR]
156;2738.1151265439607;18663171;[MW]
164;4954.353412188969;18663171;[MW]
166;4179.11956853771;18663171;[IR]
88;6534.6300415477;48103821;[IR]
87;5390.459261111235;48103821;[MW]
83;5937.125651082163;48103821;[IR]
89;3002.2128091718096;48103821;[MW]
91;4435.300884538228;48103821;[MW]
90;2483.9842936111927;48103821;[IR]
155;3850.9249107287446;60088775;[MW]
150;2405.849899424356;60088775;[IR]
160;3790.1815534724296;60088775;[IR]
169;4193.194983356702;60088775;[IR]
171;3818.2400433131743;60088775;[MW]
165;7954.647602307346;60088775;[MW]
107;4003.8415879290787;22404556;[MW]
100;4501.866750452311;22404556;[IR]
110;4256.990196607068;22404556;[IR]
114;3319.6180376703905;22404556;[MW]
109;2519.423427451034;22404556;[MW]
108;5477.275283973086;22404556;[IR]
53;5092.884522001779;30847667;[IR]
99;1394.2363942900256;30847667;[MW]
80;3994.9038932798103;30847667;[IR]
74;3629.8508366765304;30847667;[MW]
70;7854.3654081243985;30847667;[IR]
65;5765.534036599331;30847667;[MW]
34;3230.575370390526;60771961;[MW]
37;2846.4624663451045;60771961;[IR]
23;5150.712742413416;60771961;[IR]
39;4750.478097358192;60771961;[MW]
27;4933.1627993904185;60771961;[MW]
30;4639.5195995975655;60771961;[IR]
134;2539.5182646664566;66322554;[IR]
132;4091.560033005536;66322554;[MW]
140;4168.648668284108;66322554;[IR]
141;5016.626864495767;66322554;[MW]
79;5303.660271442601;66322554;[IR]
137;2337.7677411352906;66322554;[MW]
55;5183.853316203523;76876094;[IR]
56;2900.0242963363316;76876094;[MW]
58;5227.950658864636;76876094;[IR]
70;4463.764168603743;76876094;[MW]
62;3330.942398317818;76876094;[MW]
67;4262.470169189964;76876094;[IR]
63;1472.8675757147992;36576704;[MW]
64;4034.2429634040695;36576704;[IR]
57;4142.506107430632;36576704;[IR]
151;3208.4938028122174;38003919;[MW]
153;4408.063306883218;38003919;[MW]
152;3181.735769402711;38003919;[IR]
149;2558.2940665556007;38003919;[IR]
66;3792.4345461890066;36576704;[MW]
69;3402.0009668597627;36576704;[MW]
68;6214.119095006624;36576704;[IR]
145;6430.9021374114;38003919;[MW]
138;6366.355905416907;38003919;[IR]
175;3267.639052296142;28901015;[IR]
174;5650.1586706417565;28901015;[MW]
176;3788.244451226964;28901015;[MW]
178;4371.110110594323;28901015;[MW]
177;3222.0148957612587;28901015;[IR]
173;5219.673346848799;28901015;[IR]
130;3959.465150351209;28819923;[MW]
125;1974.065202527657;6050;[IR]
124;4338.903782361753;6050;[MW]
103;2846.520037453955;75851815;[MW]
135;3990.2310644245536;28819923;[MW]
125;3707.195657809337;28819923;[IR]
136;3541.717097597951;28819923;[IR]
133;4996.724011155262;28819923;[IR]
138;6156.320922582904;28819923;[MW]
126;5361.620525611804;6050;[MW]
122;3009.799112014489;6050;[IR]
119;3919.482101252262;6050;[IR]
121;6500.683718245438;6050;[MW]
81;2684.740124817812;93035844;[MW]
114;4049.586713802854;14446434;[IR]
116;3115.314037761949;14446434;[IR]
117;3197.8875353624967;14446434;[MW]
115;5097.81327903001;14446434;[MW]
85;4746.386279461417;93035844;[MW]
82;5566.944381634568;93035844;[IR]
38;5167.692809031261;93035844;[IR]
84;2996.1544078399447;93035844;[IR]
24;5110.486903943802;35889660;[IR]
26;2597.083195892319;35889660;[MW]
33;2796.888807918859;35889660;[IR]
83;3932.0358210206414;93035844;[MW]
120;4427.097269684429;14446434;[IR]
123;5652.210438863968;14446434;[MW]
31;2714.4210665945125;35889660;[MW]
35;6445.847006949205;35889660;[MW]
28;6389.0603933287775;35889660;[IR]
62;3912.462755147853;70548661;[IR]
74;2883.635818712012;70548661;[IR]
70;4547.069897757284;70548661;[MW]
94;3042.724737649254;85767867;[MW]
100;4007.8445720243717;85767867;[IR]
60;3633.6729950881117;85767867;[IR]
101;4001.634952777386;85767867;[MW]
96;6753.251795521837;85767867;[MW]
95;2183.127224398754;85767867;[IR]
71;4962.550031833868;70548661;[IR]
73;5639.4625635038765;70548661;[MW]
67;1569.3133996741394;55433203;[IR]
77;5904.667075396434;70548661;[MW]
147;2992.2514960874832;59739650;[IR]
146;5601.33159487662;59739650;[MW]
150;5652.79525217643;59739650;[MW]
136;1706.8638653430678;59739650;[IR]
148;5946.766150472443;59739650;[MW]
149;5000.65310231986;59739650;[IR]
112;3055.022358987655;71214367;[IR]
131;2559.358049406361;71214367;[MW]
133;3018.0020114844506;71214367;[MW]
50;4928.92234254472;71214367;[IR]
132;4226.661227441295;71214367;[IR]
54;5773.089972649542;71214367;[MW]
102;2739.0719079820474;36023100;[MW]
106;5308.289810916734;36023100;[IR]
105;2663.9530958482765;36023100;[MW]
108;4821.276765133912;36023100;[MW]
100;5238.867820728492;36023100;[IR]
104;3901.333764370138;36023100;[IR]
148;2663.91672967063;68332526;[IR]
78;2465.436380407172;55433203;[IR]
90;5248.566824024304;55433203;[MW]
88;3907.428629034008;55433203;[MW]
75;8880.811350784908;55433203;[MW]
89;7234.881332362071;55433203;[IR]
161;4506.341271076167;68332526;[IR]
152;5672.551601566628;68332526;[MW]
158;2946.1091812080335;68332526;[MW]
163;4128.0012245929665;68332526;[MW]
153;6467.5036603999815;68332526;[IR]
112;3542.940457788294;75851815;[IR]
97;5526.488965879678;75851815;[MW]
98;4014.9980369974355;75851815;[IR]
117;5250.272861999316;75851815;[MW]
76;5105.280483860446;75851815;[IR]
162;2324.9111703764784;84730689;[MW]
157;4177.601823709858;43484499;[MW]
135;2435.3840317002278;43484499;[IR]
153;5224.049165988094;43484499;[MW]
156;3765.4007920841113;43484499;[IR]
155;6096.590280589132;43484499;[MW]
154;4191.234631541444;43484499;[IR]
163;4857.798878069621;84730689;[IR]
164;3078.8911308786846;84730689;[MW]
159;2821.2741413336003;84730689;[IR]
161;3831.238062618081;84730689;[IR]
160;7400.511238512111;84730689;[MW]
144;3645.8186796758246;80946990;[IR]
139;4156.12825208087;80946990;[MW]
140;2170.296263498162;80946990;[IR]
138;5356.0530996945845;80946990;[IR]
173;4276.3875597066935;80802162;[MW]
145;4616.586304282867;80946990;[MW]
171;4471.7530839060055;80802162;[IR]
141;4306.951016960856;80946990;[MW]
63;4205.468689042899;36759614;[MW]
50;3857.5394504567485;36759614;[IR]
69;6431.5524326705545;36759614;[MW]
61;3597.3466459245788;36759614;[IR]
40;3414.711580774131;5339820;[IR]
56;2463.931258576121;36759614;[MW]
65;5529.287489948737;36759614;[IR]
29;5354.0777807983095;5339820;[IR]
41;4304.608391687922;5339820;[MW]
164;5987.96573915051;80802162;[IR]
36;3985.447630432402;5339820;[MW]
25;2755.67569371646;5339820;[MW]
21;5582.25001912918;5339820;[IR]
170;3879.360297975327;80802162;[MW]
168;3052.492150557974;80802162;[IR]
167;2344.753327875222;80802162;[MW]
149;3328.439980833146;61268385;[IR]
148;5071.32573557476;61268385;[MW]
40;5501.484991284459;49487317;[IR]
75;3136.68682404247;49487317;[MW]
59;5457.464986379232;49487317;[IR]
70;4550.529367803198;49487317;[IR]
64;4155.552833442825;49487317;[MW]
54;4109.535980738932;49487317;[MW]
171;3656.7151656982837;89301870;[MW]
170;4971.093874008975;89301870;[IR]
167;3002.084565089082;89301870;[IR]
172;3985.8975739774874;89301870;[IR]
169;4301.756790124087;89301870;[MW]
173;4537.288663560046;89301870;[MW]
144;2953.1879506377804;61268385;[MW]
146;5016.219402521688;61268385;[IR]
151;4377.730217936113;61268385;[MW]
87;4405.231385444952;15118526;[MW]
78;4185.629426227495;15118526;[IR]
84;3328.3674537003144;15118526;[MW]
83;6037.923830750203;15118526;[IR]
86;6186.296201566962;15118526;[IR]
82;2719.3700987350135;15118526;[MW]
141;6218.414947453267;61268385;[IR]
73;3017.405495527472;51859385;[MW]
95;2307.2259361714882;51859385;[IR]
50;5317.07894024963;51859385;[IR]
104;3367.4946606609114;51859385;[MW]
68;6002.406576352206;51859385;[IR]
59;5064.110139462849;51859385;[MW]
74;3720.2068972202164;20986903;[MW]
47;3920.087043497134;38242235;[IR]
58;4053.3752370667244;38242235;[MW]
44;6128.892410134771;38242235;[MW]
41;2613.414921820672;38242235;[IR]
51;4192.059499211871;38242235;[MW]
112;4313.93554967289;75873326;[MW]
109;4695.863650243993;75873326;[IR]
55;5025.323244009103;38242235;[IR]
111;2439.8072535220945;75873326;[IR]
110;3758.126345895219;75873326;[MW]
101;3700.1266745161583;12397449;[MW]
105;3536.4976090922164;75873326;[IR]
108;5205.3101083130105;75873326;[MW]
57;4502.619249349333;20986903;[IR]
46;1153.0737845710967;20986903;[IR]
49;6417.852507815367;20986903;[MW]
51;6570.797817194358;20688079;[IR]
81;2202.6360187864816;20688079;[MW]
37;2680.222930778802;20986903;[IR]
77;3177.210096803616;20688079;[IR]
69;4902.269889697202;20688079;[MW]
66;4111.621134185964;20688079;[IR]
60;7331.518672734311;20688079;[MW]
42;6349.284939436304;20986903;[MW]
109;3228.8503967544684;12397449;[MW]
104;5422.684079659451;12397449;[IR]
99;4872.583635819646;12397449;[IR]
107;5248.6491564761955;12397449;[IR]
105;4760.447898622729;12397449;[MW]
59;3204.31313082999;37048122;[IR]
37;4487.101087533216;37048122;[MW]
39;4526.82032650929;37048122;[IR]
40;6630.712430144367;37048122;[MW]
63;3879.6860557241807;37048122;[MW]
36;3415.5853229929635;37048122;[IR]
174;2494.2411587075285;43460293;[IR]
178;3568.077264035062;43460293;[MW]
176;3871.9967287803393;43460293;[MW]
177;2772.8550571559636;43460293;[IR]
169;1804.4483564173302;43460293;[IR]
172;6265.315340363459;43460293;[MW]
156;2331.412785410204;89084606;[MW]
161;1514.7495532395765;89084606;[IR]
152;5579.901704192015;89084606;[IR]
159;4515.6631284988425;89084606;[MW]
164;4226.814715004031;89084606;[MW]
158;5180.944988807556;89084606;[IR]
160;3334.183202375687;14251719;[IR]
153;4177.029869074169;14251719;[MW]
157;4264.93988818113;14251719;[MW]
155;6093.01740066937;14251719;[IR]
163;4773.734440087725;14251719;[MW]
142;4068.8184102674304;14251719;[IR]
86;1449.7884197162962;46147726;[IR]
162;2691.952316414926;64409933;[IR]
87;5437.99389622785;46147726;[MW]
72;3938.1408908640337;46147726;[MW]
171;3882.68309304418;64409933;[MW]
65;2498.24897101261;46147726;[IR]
76;4024.626509468629;46147726;[IR]
80;6923.597885223529;46147726;[MW]
167;5261.95011388754;64409933;[IR]
169;3441.5664045786552;64409933;[MW]
166;6380.886149381534;64409933;[MW]
170;3658.4886333475465;64409933;[IR]
141;4162.498630008817;57680756;[MW]
58;4652.394927589871;57680756;[IR]
135;3717.378060888745;57680756;[IR]
125;2475.9555433566766;57680756;[MW]
132;5085.797981124373;57680756;[MW]
127;3801.3617244315456;57680756;[IR]
99;2910.5776884945817;56735790;[IR]
103;3763.3585510215935;56735790;[IR]
98;4200.703855807005;56735790;[MW]
106;2893.62207454303;56735790;[MW]
102;4684.141641343722;56735790;[MW]
93;2590.0788575942433;56735790;[IR]
89;3854.523140227798;65840350;[MW]
112;1280.8804663275484;65840350;[MW]
83;3902.9491201750657;65840350;[IR]
96;4128.427623625208;65840350;[MW]
102;6632.58830430113;65840350;[IR]
93;3068.082473670518;65840350;[IR]
162;5714.167096731399;26356794;[MW]
161;4683.66191927538;26356794;[IR]
165;3173.123151102015;26356794;[MW]
159;4820.136334964492;26356794;[IR]
160;2351.8495125311756;26356794;[MW]
163;5560.129377598406;26356794;[IR]
129;2747.2221046376467;25391140;[MW]
126;2891.1374545771505;25391140;[IR]
134;4698.788124747622;25391140;[MW]
64;4991.46310244534;25391140;[IR]
131;6466.395532291346;25391140;[IR]
122;6629.598955191205;25391140;[MW]
43;6727.920492353199;54502632;[MW]
60;4451.9166461926825;54502632;[IR]
67;5050.93487736528;54502632;[MW]
39;2810.907925878474;54502632;[IR]
53;4614.730852506965;54502632;[MW]
48;1830.9983020840095;54502632;[IR]
134;5010.962450549375;12037385;[MW]
117;2057.7681858342357;12037385;[MW]
119;2767.652625360731;12037385;[IR]
132;3888.5424615131597;12037385;[IR]
111;4901.721812985291;12037385;[IR]
124;4002.5008670160046;12037385;[MW]
125;3011.687072303424;99870819;[MW]
130;3003.080210414364;99870819;[IR]
122;5172.013856155403;99870819;[IR]
129;3238.114381028873;99870819;[MW]
131;5509.276682780879;99870819;[MW]
127;6921.8854548584895;99870819;[IR]
46;4850.416671835792;72907018;[IR]
42;5415.224847021713;72907018;[MW]
27;5041.131229692294;72907018;[IR]
50;4845.3072604149975;72907018;[MW]
38;2793.103689663587;72907018;[IR]
34;5780.885917988081;72907018;[MW]
63;3239.4290373618333;46477799;[IR]
70;2898.351556918108;46477799;[MW]
65;5628.477410458605;46477799;[MW]
37;4125.637571669272;81124667;[IR]
66;3175.846703343425;46477799;[IR]
68;4597.017513595051;46477799;[IR]
67;5576.306192129097;46477799;[MW]
41;3832.070150503669;81124667;[MW]
45;2652.2725655528175;81124667;[IR]
49;4192.3118061357545;81124667;[MW]
26;2241.4256314529057;81124667;[IR]
32;4133.137813774824;81124667;[MW]
40;2676.269920142928;9730579;[MW]
44;3458.7849144686666;9730579;[IR]
28;5724.494307393767;9730579;[IR]
36;4590.2793288783705;9730579;[IR]
31;4635.047050036762;9730579;[MW]
48;4696.637400012117;9730579;[MW]
82;1312.3184987188006;52127735;[IR]
72;3293.35770279448;52127735;[IR]
80;5505.8122502004835;52127735;[MW]
79;4548.006679222719;52127735;[IR]
83;3296.535328150681;52127735;[MW]
78;4478.286934988565;52127735;[MW]
99;2948.690549081547;35814970;[MW]
88;2855.652354231265;35814970;[IR]
10;1497.354637921629;29174821;[IR]
17;4009.0893773492535;29174821;[MW]
93;5254.102810567534;35814970;[IR]
92;5902.976375319081;35814970;[MW]
98;2648.233308626478;35814970;[IR]
96;4308.022883865395;35814970;[MW]
15;3477.523819927992;29174821;[MW]
14;4207.755541358265;29174821;[IR]
13;5731.222240807935;29174821;[MW]
16;6403.443092463525;29174821;[IR]
104;3994.0396384471596;83425621;[IR]
108;4417.531420997292;83425621;[MW]
88;2609.2740130417324;7193435;[IR]
82;3090.561362853871;7193435;[MW]
79;1963.692059930056;72465808;[MW]
79;5899.203518568823;7193435;[IR]
92;3777.933904335134;7193435;[MW]
109;3940.285582295167;83425621;[IR]
84;3876.715007265533;7193435;[IR]
87;4758.118462666045;7193435;[MW]
110;3085.9482370139303;83425621;[MW]
106;5811.9203912735065;83425621;[MW]
107;3158.4900738029887;83425621;[IR]
77;3470.1336984519444;46415432;[IR]
89;1188.3994234723643;46415432;[MW]
100;4465.696642880814;46415432;[MW]
95;2563.0610459107047;46415432;[MW]
78;5667.008707207922;72465808;[IR]
94;4145.40557319254;46415432;[IR]
97;5035.0675750396795;46415432;[IR]
82;4945.770418339635;72465808;[MW]
55;6904.667104469837;72465808;[IR]
20;3646.3577337766096;82506661;[MW]
77;2142.1339723291803;72465808;[MW]
15;5295.570428981352;82506661;[IR]
80;4490.939275285329;72465808;[IR]
18;4395.56127055721;82506661;[MW]
115;3052.1510701475704;81228532;[IR]
22;5609.304532843773;82506661;[MW]
118;4487.965874145727;81228532;[MW]
114;4451.1234623292185;81228532;[MW]
117;4960.766921166638;81228532;[IR]
113;5604.917145614703;81228532;[IR]
21;4642.345942678504;82506661;[IR]
116;2325.282928730049;81228532;[MW]
50;3207.8293255927797;84103831;[MW]
19;5116.513615322059;82506661;[IR]
51;885.9337915631006;84103831;[IR]
52;5862.428117249146;84103831;[MW]
48;6941.023292960861;84103831;[MW]
49;3093.170845292539;84103831;[IR]
41;6783.571652025249;84103831;[IR]
99;1431.0809811658655;75348479;[IR]
97;4123.900824655226;75348479;[IR]
95;4105.0009333921735;75348479;[MW]
100;6618.220520821315;75348479;[MW]
98;6371.539636580906;75348479;[MW]
89;4486.839225554824;75348479;[IR]
117;4972.001371453511;22375438;[MW]
107;2750.6451551045393;22375438;[IR]
30;4560.879424402281;5386660;[MW]
111;2179.764139724569;8380706;[IR]
115;2257.1479317880485;22375438;[MW]
27;2956.027374148773;5386660;[IR]
119;2318.0201554870864;8380706;[MW]
35;3265.0229773342403;5386660;[MW]
33;7276.080454296324;5386660;[MW]
34;4063.687668390995;5386660;[IR]
32;4798.962383696169;5386660;[IR]
116;4624.675765035656;8380706;[IR]
116;4331.60350668619;22375438;[IR]
118;3856.1334561173344;8380706;[IR]
117;3496.965929309228;8380706;[MW]
118;7151.093138778906;22375438;[IR]
115;7407.733950950973;8380706;[MW]
119;4564.263859483171;22375438;[MW]
78;5184.580838556099;99998961;[IR]
84;4093.6353327561146;99998961;[MW]
106;2816.1262926289264;67793620;[MW]
85;4348.137679028897;99998961;[IR]
88;3579.117893797997;99998961;[MW]
86;4365.127143456854;99998961;[MW]
108;4723.8834186489075;67793620;[IR]
51;3237.6337370465653;41129659;[IR]
87;5371.604391299996;99998961;[IR]
66;1666.1880884079308;41129659;[MW]
110;4600.456024117275;67793620;[IR]
70;5752.436083524593;44145784;[IR]
111;4631.220991419973;67793620;[MW]
81;1994.0606970859762;44145784;[MW]
101;5029.1654282342615;67793620;[IR]
83;3859.5074431165995;44145784;[IR]
62;4844.996227208758;41129659;[MW]
86;4512.853066227821;44145784;[MW]
73;3752.5768798696627;44145784;[MW]
109;4742.662686872104;67793620;[MW]
65;5830.040836785975;41129659;[IR]
64;5015.2303653884355;41129659;[MW]
63;4049.7130509456842;41129659;[IR]
76;6643.688876865937;44145784;[IR]
61;3688.4695677766877;90858856;[MW]
64;3978.8563635525334;90858856;[IR]
65;5534.587207218901;90858856;[MW]
58;4392.427245000342;90858856;[IR]
62;5665.822649608259;90858856;[IR]
63;3065.3078808619007;90858856;[MW]
106;2474.498607789563;52007333;[MW]
125;4114.495672593317;72766099;[MW]
94;4324.290893637429;52007333;[IR]
124;3889.6202441946743;72766099;[IR]
107;5961.693310810348;52007333;[IR]
108;4879.904541947435;52007333;[MW]
105;4659.851604827159;52007333;[IR]
104;6089.987738449239;52007333;[MW]
74;4952.295130491556;98158600;[MW]
75;4145.3012147562185;98158600;[IR]
67;3203.7889162631295;98158600;[IR]
72;4789.17535583613;98158600;[MW]
76;3656.4794872173766;98158600;[MW]
49;2613.2051614882466;5692621;[IR]
73;5107.772366810414;98158600;[IR]
40;4586.82213669353;5692621;[MW]
127;2916.416938431573;72766099;[MW]
52;4756.117624104558;5692621;[MW]
126;2247.523137847584;72766099;[IR]
34;3685.296699093704;5692621;[IR]
122;7510.602361278713;72766099;[MW]
120;5527.982349456452;72766099;[IR]
34;1662.0884868487126;14902029;[MW]
45;3896.8848393306316;5692621;[MW]
29;2321.064539293887;14902029;[MW]
42;5611.037407732097;5692621;[IR]
32;2291.9529566860015;14902029;[MW]
22;4227.906189908928;14902029;[IR]
31;6637.993663375423;14902029;[IR]
33;3087.196122286259;14902029;[IR]
43;4886.302606634695;79477862;[IR]
46;3992.611916206283;17715793;[IR]
46;144.4251802169972;79477862;[MW]
127;1893.2962575303256;65751446;[MW]
124;2508.0379187941176;65751446;[IR]
40;1467.5730064916645;79477862;[MW]
24;6362.957665330245;79477862;[IR]
45;5098.997152750001;79477862;[IR]
44;4420.263154601107;79477862;[MW]
126;6023.542587965648;65751446;[IR]
122;5040.6907684398675;65751446;[IR]
123;2371.2974954400065;65751446;[MW]
125;2628.234521693962;65751446;[MW]
61;3661.532596799493;17715793;[IR]
64;5698.965826620767;17715793;[MW]
59;3841.126006529289;17715793;[MW]
48;5663.1538483304075;17715793;[MW]
53;2634.822277738851;17715793;[IR]
51;3199.5476106713822;54973388;[IR]
43;4101.8059337564555;54973388;[IR]
54;5072.941886392934;54973388;[MW]
47;5242.865952358844;54973388;[MW]
60;4100.120759213715;54973388;[IR]
63;3804.7106544054895;54973388;[MW]
25;2857.0766894784165;18221343;[MW]
10;2499.332898973356;18221343;[MW]
7;5712.0671888139495;18221343;[IR]
14;4159.222821849141;18221343;[IR]
18;4861.19945993422;18221343;[MW]
24;3724.834369643123;18221343;[IR]
40;3037.6005587504196;78312969;[MW]
37;2541.137882562323;78312969;[IR]
39;5178.578352606626;78312969;[IR]
38;2967.1136464750025;78312969;[MW]
36;6359.321163140211;78312969;[MW]
116;6155.331775604463;36162792;[MW]
126;4947.390205844564;75696147;[IR]
28;4296.223397331156;78312969;[IR]
113;4338.681680164422;36162792;[IR]
122;2384.7574362539685;75696147;[IR]
119;3267.745497413681;36162792;[MW]
107;6412.647467842522;36162792;[MW]
103;2149.5713791667627;36162792;[IR]
118;7589.693210392503;36162792;[IR]
125;3771.7491116171304;75696147;[MW]
123;3301.553399258744;75696147;[MW]
127;3040.5207138977876;75696147;[MW]
124;6269.416484370524;75696147;[IR]
29;2768.6820944772876;49161490;[MW]
15;3780.3938791403593;49161490;[IR]
21;2392.2567448096074;49161490;[MW]
19;3623.7057928325744;49161490;[IR]
26;4984.865913547236;49161490;[IR]
17;8196.92832679536;49161490;[MW]
